app/src/main/assets/10.asc
ncols 460
nrows 434
xllcorner 594988.361
yllcorner 3550570.172
cellsize 30
nodata_value -9999.0
[rows 90 to 119 of 434, columns 134 to 200 of 460]
-9999.0 -9999.0 -9999.0 -9999.0 -9999.0 -9999.0 -9999.0 -9999.0 -9999.0 -9999.0 -9999.0 -9999.0 -9999.0 -9999.0 -9999.0 -9999.0 -9999.0 -9999.0 -9999.0 -9999.0 -9999.0 -9999.0 -9999.0 -9999.0 -9999.0 -9999.0 -9999.0 -9999.0 -9999.0 -9999.0 -9999.0 -9999.0 -9999.0 -9999.0 -9999.0 -9999.0 -9999.0 -9999.0 -9999.0 -9999.0 -9999.0 -9999.0 -9999.0 -9999.0 -9999.0 -9999.0 -9999.0 -9999.0 -9999.0 -9999.0 -9999.0 -9999.0 -9999.0 -9999.0 -9999.0 -9999.0 -9999.0 -9999.0 -9999.0 -9999.0 -9999.0 -9999.0 -9999.0 -9999.0 -9999.0 -9999.0 -9999.0
-9999.0 -9999.0 -9999.0 -9999.0 -9999.0 -9999.0 -9999.0 -9999.0 -9999.0 -9999.0 -9999.0 -9999.0 -9999.0 -9999.0 -9999.0 -9999.0 -9999.0 -9999.0 -9999.0 -9999.0 -9999.0 -9999.0 -9999.0 -9999.0 -9999.0 -9999.0 -9999.0 -9999.0 -9999.0 -9999.0 -9999.0 -9999.0 -9999.0 -9999.0 -9999.0 -9999.0 -9999.0 -9999.0 -9999.0 -9999.0 -9999.0 -9999.0 -9999.0 -9999.0 -9999.0 -9999.0 -9999.0 -9999.0 -9999.0 -9999.0 -9999.0 -9999.0 -9999.0 -9999.0 -9999.0 -9999.0 -9999.0 -9999.0 -9999.0 -9999.0 -9999.0 -9999.0 -9999.0 -9999.0 -9999.0 -9999.0 -9999.0
-9999.0 -9999.0 -9999.0 -9999.0 -9999.0 -9999.0 -9999.0 -9999.0 -9999.0 -9999.0 -9999.0 -9999.0 -9999.0 -9999.0 -9999.0 -9999.0 -9999.0 -9999.0 -9999.0 -9999.0 -9999.0 -9999.0 -9999.0 -9999.0 -9999.0 -9999.0 -9999.0 -9999.0 -9999.0 -9999.0 -9999.0 -9999.0 -9999.0 -9999.0 -9999.0 -9999.0 -9999.0 -9999.0 -9999.0 -9999.0 -9999.0 -9999.0 -9999.0 -9999.0 -9999.0 -9999.0 -9999.0 -9999.0 -9999.0 -9999.0 -9999.0 -9999.0 -9999.0 -9999.0 -9999.0 -9999.0 -9999.0 -9999.0 -9999.0 -9999.0 -9999.0 -9999.0 -9999.0 -9999.0 -9999.0 -9999.0 -9999.0
-9999.0 -9999.0 -9999.0 -9999.0 -9999.0 -9999.0 -9999.0 -9999.0 -9999.0 -9999.0 -9999.0 -9999.0 -9999.0 -9999.0 -9999.0 -9999.0 -9999.0 -9999.0 -9999.0 -9999.0 -9999.0 -9999.0 -9999.0 -9999.0 -9999.0 -9999.0 -9999.0 -9999.0 -9999.0 -9999.0 -9999.0 -9999.0 -9999.0 -9999.0 -9999.0 -9999.0 -9999.0 -9999.0 -9999.0 -9999.0 -9999.0 -9999.0 -9999.0 -9999.0 -9999.0 -9999.0 -9999.0 -9999.0 -9999.0 -9999.0 -9999.0 -9999.0 -9999.0 -9999.0 -9999.0 -9999.0 -9999.0 -9999.0 -9999.0 -9999.0 -9999.0 -9999.0 -9999.0 -9999.0 -9999.0 -9999.0 -9999.0
-9999.0 -9999.0 -9999.0 -9999.0 -9999.0 -9999.0 -9999.0 -9999.0 -9999.0 -9999.0 -9999.0 -9999.0 -9999.0 -9999.0 -9999.0 -9999.0 -9999.0 -9999.0 -9999.0 -9999.0 -9999.0 -9999.0 -9999.0 -9999.0 -9999.0 -9999.0 -9999.0 -9999.0 -9999.0 -9999.0 -9999.0 -9999.0 -9999.0 -9999.0 -9999.0 -9999.0 -9999.0 -9999.0 -9999.0 -9999.0 -9999.0 -9999.0 -9999.0 -9999.0 -9999.0 -9999.0 -9999.0 -9999.0 -9999.0 -9999.0 -9999.0 -9999.0 -9999.0 -9999.0 -9999.0 -9999.0 -9999.0 -9999.0 -9999.0 -9999.0 -9999.0 -9999.0 -9999.0 -9999.0 -9999.0 -9999.0 -9999.0
-9999.0 -9999.0 -9999.0 -9999.0 -9999.0 -9999.0 -9999.0 -9999.0 -9999.0 -9999.0 -9999.0 -9999.0 -9999.0 -9999.0 -9999.0 -9999.0 -9999.0 -9999.0 -9999.0 -9999.0 -9999.0 -9999.0 -9999.0 -9999.0 -9999.0 -9999.0 -9999.0 -9999.0 -9999.0 -9999.0 -9999.0 -9999.0 -9999.0 -9999.0 -9999.0 -9999.0 -9999.0 -9999.0 -9999.0 -9999.0 -9999.0 -9999.0 -9999.0 -9999.0 -9999.0 -9999.0 -9999.0 -9999.0 -9999.0 -9999.0 -9999.0 -9999.0 -9999.0 -9999.0 -9999.0 -9999.0 -9999.0 -9999.0 -9999.0 -9999.0 -9999.0 -9999.0 -9999.0 -9999.0 -9999.0 -9999.0 -9999.0
-9999.0 -9999.0 -9999.0 -9999.0 -9999.0 -9999.0 -9999.0 -9999.0 -9999.0 -9999.0 -9999.0 -9999.0 -9999.0 -9999.0 -9999.0 -9999.0 -9999.0 -9999.0 -9999.0 -9999.0 -9999.0 -9999.0 -9999.0 -9999.0 -9999.0 -9999.0 -9999.0 -9999.0 -9999.0 -9999.0 -9999.0 -9999.0 -9999.0 -9999.0 -9999.0 -9999.0 -9999.0 -9999.0 -9999.0 -9999.0 -9999.0 -9999.0 -9999.0 -9999.0 -9999.0 -9999.0 -9999.0 -9999.0 -9999.0 -9999.0 -9999.0 -9999.0 -9999.0 -9999.0 -9999.0 -9999.0 -9999.0 -9999.0 -9999.0 -9999.0 -9999.0 -9999.0 -9999.0 -9999.0 -9999.0 -9999.0 -9999.0
-9999.0 -9999.0 -9999.0 -9999.0 -9999.0 -9999.0 -9999.0 -9999.0 -9999.0 -9999.0 -9999.0 -9999.0 -9999.0 -9999.0 -9999.0 -9999.0 -9999.0 -9999.0 -9999.0 -9999.0 -9999.0 -9999.0 -9999.0 -9999.0 -9999.0 -9999.0 -9999.0 -9999.0 -9999.0 -9999.0 -9999.0 -9999.0 -9999.0 -9999.0 -9999.0 -9999.0 -9999.0 -9999.0 -9999.0 -9999.0 -9999.0 -9999.0 -9999.0 -9999.0 -9999.0 -9999.0 -9999.0 -9999.0 -9999.0 -9999.0 -9999.0 -9999.0 -9999.0 -9999.0 -9999.0 -9999.0 -9999.0 -9999.0 -9999.0 -9999.0 -9999.0 -9999.0 -9999.0 -9999.0 -9999.0 -9999.0 -9999.0
-9999.0 -9999.0 -9999.0 -9999.0 -9999.0 -9999.0 -9999.0 -9999.0 -9999.0 -9999.0 -9999.0 -9999.0 -9999.0 -9999.0 -9999.0 -9999.0 -9999.0 -9999.0 -9999.0 -9999.0 -9999.0 -9999.0 -9999.0 -9999.0 -9999.0 -9999.0 -9999.0 -9999.0 -9999.0 -9999.0 -9999.0 -9999.0 -9999.0 -9999.0 -9999.0 -9999.0 -9999.0 -9999.0 -9999.0 -9999.0 -9999.0 -9999.0 -9999.0 -9999.0 -9999.0 -9999.0 -9999.0 -9999.0 -9999.0 -9999.0 -9999.0 -9999.0 -9999.0 -9999.0 -9999.0 -9999.0 -9999.0 -9999.0 -9999.0 -9999.0 -9999.0 -9999.0 -9999.0 -9999.0 -9999.0 -9999.0 -9999.0
-9999.0 -9999.0 -9999.0 -9999.0 -9999.0 -9999.0 -9999.0 -9999.0 -9999.0 -9999.0 -9999.0 -9999.0 -9999.0 -9999.0 -9999.0 -9999.0 -9999.0 -9999.0 -9999.0 -9999.0 -9999.0 -9999.0 -9999.0 -9999.0 -9999.0 -9999.0 -9999.0 -9999.0 -9999.0 -9999.0 -9999.0 -9999.0 -9999.0 -9999.0 -9999.0 -9999.0 -9999.0 -9999.0 -9999.0 -9999.0 -9999.0 -9999.0 -9999.0 -9999.0 -9999.0 -9999.0 -9999.0 -9999.0 -9999.0 -9999.0 -9999.0 -9999.0 -9999.0 -9999.0 -9999.0 -9999.0 -9999.0 -9999.0 -9999.0 -9999.0 -9999.0 -9999.0 -9999.0 -9999.0 -9999.0 -9999.0 -9999.0
254.822 252.778 247.456 239.12 229.39 218.588 206 192.973 180.729 170.249 162.578 157.124 154.434 153.183 152.939 155.302 161.409 166.761 170.14 174.713 181.266 187.469 193.442 199.408 205.374 210.577 214.76 217.989 220.233 222.294 223.572 225.403 224.33 220.825 215.259 208.442 199.882 190.889 182.679 174.706 166.74 158.747 150.747 142.747 136.3 131.82 129.359 127.325 128.451 131.181 135.747 143.88 153.663 165.244 177.244 187.637 194.442 195.694 193.324 189.533 185.587 186.315 192.259 200.103 209.697 220.514 230.731
255.398 250.34 243.598 234.261 223.505 211.749 199.729 186.932 175.486 166.795 160.334 156.644 155.183 154.176 155.493 158.268 163.666 171.173 177.49 183.442 190.225 197.198 203.401 210.164 216.367 221.577 225.023 227.267 228.511 228.782 229.586 228.323 224.825 220.076 214.293 206.74 198.72 190.686 182.679 173.916 164.95 155.984 148.544 142.273 137.022 133.569 132.115 131.844 132.647 135.998 142.307 150.11 161.224 173.21 185.21 195.629 202.469 205.255 203.29 200.263 196.465 197.206 200.867 208.049 216.103 225.724 235.731
255.825 249.496 240.976 231.201 219.647 207.654 194.891 182.661 172.208 164.544 159.854 157.393 156.176 156.702 157.715 160.302 166.436 175.746 184.097 192.029 199.988 207.191 214.164 220.394 226.401 231.611 235.03 235.714 235.755 234.235 231.567 228.622 224.076 217.557 210.598 203.578 195.781 188.544 179.984 170.991 161.991 153.754 146.537 141.854 137.813 136.122 135.108 135.661 138.181 142.72 149.293 157.846 168.446 180.244 192.244 203.427 211.995 215.24 215.579 212.424 209.195 208.612 211.023 215.691 222.32 230.934 239.205
256.245 248.706 239.923 228.606 216.62 204.62 191.83 179.62 170.727 165.03 161.569 160.115 159.108 158.925 161.249 164.234 170.395 179.765 191.238 201.576 209.981 217.954 225.157 231.367 236.604 240.084 242.335 241.999 239.506 235.791 231.832 226.34 219.625 212.639 204.876 196.91 190.443 182.876 174.856 166.822 158.025 150.578 145.098 141.637 139.366 138.905 139.634 141.383 144.166 149.51 157.056 165.839 175.656 187.244 199.244 210.454 219.846 226.361 227.592 224.431 221.222 219.829 221.233 224.847 230.462 236.549 239.571
256.665 247.916 238.159 226.586 213.823 201.62 189.593 179.876 173.171 168.711 167.02 165.243 164.04 163.83 165.437 168.998 176.124 186.461 199.77 210.595 219.778 227.981 234.428 239.672 243.915 247.132 247.052 245.311 241.001 235.279 228.584 220.869 212.146 203.978 196.748 189.714 182.734 175.714 168.68 161.646 154.585 148.334 144.644 142.393 141.912 142.661 143.654 146.971 150.93 157.266 165.049 173.839 182.866 193.48 205.278 217.251 228.4 236.198 238.423 236.992 234.188 231.241 232.206 234.26 237.908 241.213 238.865
256.882 247.125 236.369 223.823 211.593 199.586 189.113 182.179 177.684 175.959 174.938 173.911 171.377 169.999 171.376 174.957 182.88 194.98 207.993 219.393 228.805 237.015 242.672 247.679 251.125 252.606 250.513 246.028 240.286 232.003 223.078 214.12 204.363 195.951 187.978 180.775 175.302 169.47 163.436 157.402 151.368 146.888 144.427 144.71 144.898 146.451 148.417 152.754 158.483 165.259 172.286 179.347 188.705 199.488 211.278 224.804 236.42 244.259 247.281 246.877 243.526 241.85 242.443 243.477 244.565 243.35 236.752
256.889 246.335 234.579 221.796 209.586 199.113 191.388 187.447 186.689 186.633 186.599 185.039 182.256 179.309 178.748 181.923 190.637 203 216 227.42 236.839 245.049 250.679 254.915 257.369 257.06 252.967 246.455 237.969 228.227 218.261 207.532 197.337 188.917 181.68 174.673 169.253 164.226 159.192 154.158 149.888 147.4 146.149 146.722 147.695 150.242 153.208 157.781 163.571 170.361 178.124 186.09 194.137 205.285 217.278 230.095 242.285 251.09 255.106 254.938 253.094 251.107 249.958 248.262 246.364 242.096 232.457
256.889 244.782 232.586 219.796 209.113 200.625 195.691 195.513 197.221 199.153 199.558 197.978 194.424 190.458 188.863 191.821 199.798 211.203 223.237 234.454 244.637 252.286 257.713 261.159 261.85 260.311 254.421 246.672 236.362 225.403 214.437 204.208 194.964 186.747 178.774 172.334 166.354 160.388 155.949 151.915 149.434 147.42 146.973 147.756 149.519 153.066 157.032 162.578 169.334 176.327 184.117 192.117 200.88 211.48 223.278 236.068 248.278 257.117 261.93 261.972 259.418 256.452 253.513 249.791 245.859 238.793 227.681
256.328 244.525 231.755 219.525 209.862 203.935 202.757 205.045 209.53 212.902 213.524 211.18 206.634 201.668 199.836 202.787 209.974 218.852 229.48 241.251 251.663 259.293 264.713 267.369 267.033 262.96 256.401 247.084 236.308 226.072 215.274 205.065 195.855 187.645 179.645 172.462 165.496 159.293 154.11 150.671 149.217 148.183 147.966 149.519 152.276 156.059 160.059 166.402 174.158 182.124 190.117 198.117 206.144 216.522 228.312 241.865 253.514 262.151 267.754 267.243 264.46 260.696 255.967 249.482 241.82 232.322 220.756
257.072 244.721 232.491 220.484 213.145 210.203 212.052 216.557 222.306 225.928 226.558 223.424 217.878 212.675 210.836 213.023 218.455 226.076 236.454 247.48 257.697 266.09 271.713 273.579 271.479 266.15 258.604 249.031 239.004 228.997 218.97 209.726 200.719 191.746 182.78 174.604 166.638 159.462 154.049 151.393 149.413 148.973 150.493 151.715 154.302 158.093 162.856 169.429 177.982 186.948 195.151 203.151 211.914 222.488 234.278 247.095 259.285 268.88 273.186 273.013 270.426 266.635 260.319 250.28 237.862 224.979 212.79
257.862 246.457 234.45 223.977 218.65 217.742 221.625 227.374 233.367 237.76 237.829 234.465 229.648 224.641 222.039 222.47 225.145 232.117 242.488 253.488 264.461 272.32 276.983 278.62 275.696 269.36 260.814 251.031 241.794 232.76 224.489 215.685 206.685 197.685 187.921 177.219 167.848 160.435 155.015 152.386 151.149 151.695 152.715 154.485 157.268 161.059 165.849 173.192 181.975 191.739 200.914 209.117 217.907 229.251 240.48 253.068 264.514 274.705 279.166 279.769 278.918 274.77 265.907 251.322 233.912 217.608 204.027
258.855 248.248 237.977 228.726 225.196 226.289 231.408 237.401 243.401 247.057 247.667 245.263 239.912 235.473 232.282 230.924 232.335 238.32 248.488 259.488 270.488 278.327 282.957 283.06 280.467 273.536 263.989 253.997 244.787 236.55 229.306 221.482 212.685 202.921 192.165 180.409 169.26 161.435 156.015 153.386 152.939 154.485 155.688 158.242 161.234 164.261 169.612 176.422 185.773 195.765 205.739 215.678 225.637 235.683 247.251 259.271 271.251 280.9 285.166 287.323 287.701 281.453 269.605 252.729 232.454 212.373 196.406
259.652 250.801 240.997 234.077 231.216 233.14 238.503 245.266 251.469 255.862 256.694 254.324 249.716 245.499 241.526 238.377 239.342 245.293 254.69 265.488 276.488 284.327 288.193 288.04 284.696 276.78 266.997 256.997 247.787 240.34 233.333 225.543 216.753 206.963 194.646 181.687 171.038 162.638 157.779 156.115 156.661 158.444 160.417 162.437 165.234 168.234 173.605 180.395 189.765 199.765 210.529 220.731 232.258 243.427 255.21 267.21 278.446 287.11 292.693 295.308 294.201 285.948 271.302 251.454 229.712 208.536 191.521
259.476 251.652 243.591 238.684 237.013 239.93 245.503 251.53 258.3 262.923 264.525 263.121 258.743 254.533 250.533 247.324 247.511 253.259 262.629 273.42 283.656 290.53 294.166 293.243 288.143 279.787 269.233 259.031 249.821 242.401 234.638 227.408 218.057 207.301 194.728 181.728 171.099 163.442 159.569 158.905 160.451 162.444 165.208 168.174 170.403 173.2 177.808 184.395 192.239 202.597 214.353 226.292 238.278 251.014 263.973 276.176 286.622 295.812 300.881 302.545 298.892 288.436 271 249.678 226.922 205.509 189.986
258.3 251.476 245.205 241.535 241.634 244.991 250.571 258.097 264.53 268.957 271.349 270.945 266.777 263.331 260.297 257.29 258.213 263.394 272.561 282.588 291.832 297.706 300.369 298.452 291.563 282.023 270.477 260.065 250.091 240.942 232.747 224.774 214.437 202.681 191.425 179.593 169.93 164.03 162.122 162.661 165.971 169.14 172.132 175.132 177.342 179.369 182.22 187.632 195.219 204.826 216.414 229.94 243.872 258.594 272 284.21 295.393 304.805 309.091 307.465 300.623 287.958 268.495 245.956 222.963 203.07 190.296
257.651 252.232 246.988 244.325 245.451 249.788 256.334 263.354 270.334 274.957 277.376 277.006 274.372 272.121 270.087 268.053 269.97 276.096 285.46 293.933 301.211 305.118 305.052 300.967 292.848 282.301 269.755 258.369 247.403 237.991 228.254 219.086 207.749 196.52 185.512 175.249 168.315 164.61 164.702 166.451 171.551 176.693 180.862 184.064 185.511 186.545 187.606 191.044 197.456 206.07 218.211 232.757 248.487 264.445 278.831 291.244 302.454 311.11 314.403 309.406 298.592 283.513 262.814 240.031 219.321 202.379 191.072
255.495 251.854 247.813 246.149 248.276 253.612 261.158 268.361 275.361 279.991 282.41 282.803 281.952 281.674 280.843 280.572 282.928 289.089 297.696 305.15 309.867 311.572 308.716 302.421 292.328 280.579 267.796 255.613 243.647 232.498 221.539 210.6 198.824 188.378 178.344 171.39 166.888 165.19 166.519 171.565 178.3 186.003 191.584 194.996 195.653 194.16 193.789 195.43 199.868 208.043 220.204 235.547 252.304 270.033 284.858 296.514 305.995 312.693 314.783 308.706 295.262 276.441 254.889 233.625 215.691 202.513 191.301
254.251 250.873 248.4 247.939 251.066 256.639 264.219 272.192 279.395 284.788 288.174 290.323 290.701 291.457 291.633 293.153 296.692 303.055 310.872 315.799 318.294 316.465 311.177 302.111 289.816 276.857 263.101 249.925 237.722 226.512 214.749 202.783 190.79 181.134 173.626 168.158 166.231 166.736 170.039 177.131 186.617 195.778 203.137 206.962 206.829 203.519 200.404 199.85 203.051 211.009 223.17 238.54 256.094 273.323 287.96 299.59 306.719 310.451 308.839 300.39 286.454 267.503 247.449 228.935 213.23 201.35 191.106
252.278 250.434 249.183 249.729 253.093 258.673 266.253 275.016 282.429 289.375 294.727 298.106 300.255 301.45 302.423 304.97 310.279 317.055 323.319 326.226 325.95 321.102 312.07 300.572 287.033 273.067 258.311 244.898 231.925 219.749 207.756 196.52 185.486 176.822 171.132 167.644 166.973 168.519 174.382 183.678 195.19 206.332 215.684 219.928 218.241 213.702 208 205.235 206.464 214.009 226.933 242.506 259.323 276.33 289.433 299.131 304.248 305.183 299.78 288.149 273.59 256.166 238.861 223.339 211.371 200.342 190.133
250.838 250.217 249.973 251.519 255.093 259.91 267.287 276.077 285.024 293.956 301.307 305.896 308.308 310.281 313.774 318.489 325.028 331.258 335.738 336.646 332.053 323.799 312.504 299.755 285.209 269.479 254.284 240.101 226.898 213.925 202.486 191.478 181.242 174.341 170.644 168.393 169.493 173.005 179.361 191.021 204.736 217.115 227.501 231.962 230.222 224.115 217.156 212.587 212.579 218.381 230.163 244.777 262.128 277.804 289.684 297.585 300.702 298.083 289.451 275.576 259.827 243.78 229.265 217.507 207.242 197.208 187.964
