app/src/main/assets/10.asc
ncols 460
nrows 434
xllcorner 594988.361
yllcorner 3550570.172
cellsize 30
nodata_value -9999.0
[rows 120 to 149 of 434, columns 134 to 200 of 460]
247.689 248.838 250.561 252.546 255.363 259.951 267.321 276.111 286.638 297.57 306.158 311.754 315.903 319.835 325.347 332.069 339.055 345.265 348.158 345.539 337.697 327.192 313.89 299.168 283.419 267.426 251.453 236.277 222.101 208.898 197.478 187.242 179.524 174.056 171.393 170.912 172.478 176.822 185.685 199.56 215.283 228.871 237.967 241.267 238.56 232.197 225.197 219.804 219.552 224.53 234.541 247.953 264.357 278.258 288.928 295.038 295.392 289.754 278.878 263.759 247.766 231.766 218.872 209.175 200.897 192.829 184.025
244.48 247.419 249.614 252.378 256.134 260.153 266.558 275.145 287.252 299.421 308.253 314.646 320.585 328.044 335.961 343.92 351.886 357.536 358.646 353.973 344.09 330.815 315.309 298.587 282.392 265.628 249.426 233.453 218.277 204.864 194.208 184.964 178.3 174.61 173.149 173.695 177.005 182.544 193.987 209.309 225.302 238.169 246.252 248.545 244.838 238.265 230.502 226.406 225.789 230.537 239.724 252.129 266.77 279.441 288.341 292.458 290.785 282.349 269.264 252.934 236.732 222.258 210.588 201.161 192.951 185.714 177.127
240.864 245.236 249.175 252.37 256.161 260.161 266.531 274.348 286.306 298.516 307.355 315.301 324.76 333.914 343.644 353.576 361.981 365.321 364.235 357.563 347.206 333.073 315.763 297.804 280.628 264.399 247.628 230.662 215.25 201.83 191.201 182.754 178.617 176.359 175.905 177.451 182.551 190.063 202.763 219.1 233.776 245.446 253.293 255.552 251.811 244.468 236.475 231.662 231.593 237.3 245.9 257.305 269.392 280.65 287.761 289.878 286.205 275.742 260.649 243.874 227.664 214.007 203.344 194.127 186.68 178.91 170.89
236.674 242.823 247.992 252.931 257.127 261.127 265.97 272.592 283.577 294.82 304.22 314.713 324.901 335.638 346.597 357.563 365.422 366.952 363.859 356.713 346.342 332.182 314.811 296.048 277.872 261.46 245.433 227.872 212.25 198.83 188.964 182.273 179.393 178.912 179.661 182.971 189.3 199.373 213.485 227.769 241.79 253.42 262.022 263.721 259.777 252.407 244.407 238.804 238.552 243.53 251.907 262.514 273.548 283.029 288.146 287.5 280.861 268.959 252.832 235.84 220.393 206.966 197.1 188.093 180.673 172.883 166.409
233.025 240.606 247.545 252.951 257.161 260.397 264.985 270.802 280.023 291.591 301.213 311.03 322.564 334.523 345.726 355.199 361.87 363.136 359.975 352.052 341.478 328.081 312.44 293.292 274.879 258.46 241.696 223.913 208.284 196.391 187.72 182.82 181.149 182.459 185.181 189.72 198.583 210.115 223.715 237.722 250.959 263.149 270.455 271.728 268.541 261.373 254.136 247.946 246.721 250.706 258.873 269.454 278.927 284.888 287.6 284.164 275.288 262.169 245.806 229.569 214.352 201.695 192.059 183.059 175.639 169.375 164.124
229.801 239.16 246.565 252.748 257.161 259.607 263.221 268.809 277.206 287.82 297.247 307.801 319.584 331.584 342.794 351.45 357.114 358.17 355.009 347.059 335.715 322.905 308.291 290.86 272.845 255.662 237.906 219.913 205.81 194.376 187.273 184.366 183.905 186.242 189.998 197.834 208.359 220.142 232.959 247.519 260.932 272.378 278.672 279.728 276.567 270.17 263.926 258.682 256.099 258.881 266.076 275.69 284.144 287.491 286.459 279.827 268.742 254.413 238.603 223.359 209.115 197.452 188.025 179.788 172.571 167.124 163.644
228.523 238.145 246.328 251.978 256.195 259.378 263.161 267.214 274.416 284.03 294.011 305.557 316.786 328.584 339.794 348.423 353.289 353.373 349.246 341.093 330.486 317.898 304.081 288.44 270.082 251.906 232.387 215.508 203.391 193.903 188.786 186.352 187.459 190.998 196.517 206.4 218.149 229.378 242.729 256.749 269.203 279.656 285.713 286.762 284.365 278.96 272.953 268.507 266.843 268.26 273.489 281.9 288.591 289.918 286.062 276.423 263.128 247.589 232.359 217.352 205.432 194.41 184.991 177.544 171.3 166.083 164.953
226.55 236.943 244.592 250.782 255.195 258.404 262.195 266.195 272.592 281.206 293.293 304.718 315.726 326.752 336.996 346.186 350.465 349.549 344.422 335.295 325.276 312.898 299.108 283.528 265.921 246.387 227.928 212.257 201.174 193.483 189.603 189.676 191.444 196.551 204.063 214.42 225.446 237.217 251.553 264.993 276.446 285.9 291.747 293.559 291.392 286.784 280.987 276.567 274.938 277.072 281.672 288.313 293.774 294.067 286.097 273.816 259.277 242.73 227.318 213.081 202.208 192.937 183.923 176.503 171.056 167.576 168.459
222.618 233.037 242.194 248.809 253.229 257.202 261.195 265.958 271.768 280.145 291.543 302.76 312.996 323.03 332.274 341.281 346.304 346.319 340.598 331.235 320.471 308.661 295.074 279.494 261.913 243.096 224.879 210.776 200.896 194.996 192.325 192.688 196.768 203.3 211.846 222.42 233.42 245.973 259.02 271.271 282.488 291.144 296.781 299.383 297.426 293.609 288.784 283.804 281.972 284.896 289.679 294.732 298.983 297.513 287.47 272.404 255.689 238.704 223.284 210.601 200.167 191.72 183.686 177.232 172.779 171.088 173.208
215.72 227.666 237.281 244.674 249.297 254.823 259.992 264.985 270.775 279.145 289.752 299.996 309.24 317.511 326.315 334.552 340.162 341.177 337.166 327.437 315.681 304.452 291.074 275.494 257.913 239.887 222.643 210.323 201.652 197.542 196.081 197.417 203.307 211.056 219.839 228.893 240.251 253.034 266.034 276.717 286.758 295.185 300.815 304.208 303.223 299.635 294.845 290.609 289.735 292.125 296.713 300.949 303.43 299.967 287.16 269.865 251.906 234.704 220.047 208.384 198.93 191.476 184.442 178.988 175.535 175.634 178.964
204.653 217.619 228.215 236.6 242.959 248.945 254.918 261.647 268.606 278.706 288.165 297.969 306.416 314.423 322.45 329.694 334.357 335.204 332.78 324.971 313.586 300.85 287.074 272.257 255.643 237.845 222.162 211.072 204.171 200.528 199.108 202.005 209.124 217.117 225.144 234.705 247.041 260.034 272.271 281.934 291.731 300.151 305.781 309.2 309.013 305.635 301.609 298.365 297.728 300.862 304.881 306.599 306.884 301.421 285.824 267.082 248.116 231.467 217.803 207.14 198.686 192.232 186.962 182.711 181.02 181.586 184.957
191.153 203.748 214.377 224.324 232.675 239.844 246.81 254.566 264.059 275.591 285.977 295.206 304.186 312.389 320.389 327.599 330.702 330.373 328.563 322.551 312.35 298.999 285.006 269.453 253.433 236.609 222.708 212.828 206.954 203.528 202.871 206.025 213.185 221.948 230.151 239.731 252.102 265.865 278.278 287.907 297.697 305.354 311.544 314.403 314.803 312.399 308.601 306.918 306.694 309.855 312.328 312.026 308.777 300.145 283.082 263.326 245.65 229.426 215.796 206.693 199.442 193.988 189.745 187.264 186.803 188.349 191.159
177.573 188.985 199.411 208.648 217.628 226.568 235.5 245.222 256.734 270.246 283.361 293.179 302.943 312.118 318.795 324.836 327.682 327.312 325.522 319.571 310.174 297.006 282.243 266.46 250.46 235.196 221.762 214.213 209.745 207.291 207.627 210.227 217.185 226.739 235.914 244.934 257.102 271.655 284.278 294.671 304.663 312.293 318.503 321.342 320.999 319.189 317.128 316.667 316.66 318.294 318.018 314.75 308.482 297.606 279.326 259.333 241.704 227.02 215.323 206.679 200.232 196.542 194.264 193.013 192.796 194.376 196.403
166.688 175.566 184.614 194.385 203.587 212.587 223.114 235.599 248.551 263.861 279.766 292.503 304.428 313.28 319.707 324.18 325.851 325.278 322.724 316.571 305.674 292.108 278.081 263.257 247.46 233.013 221.323 215.022 212.332 211.844 213.383 216.166 222.354 231.731 241.705 251.671 264.034 278.614 291.244 302.427 311.866 320.056 325.706 329.106 328.938 328.674 327.08 326.66 326.66 325.95 322.682 315.65 305.416 292.128 273.401 254.164 237.501 224.601 214.14 205.713 201.583 199.325 198.081 197.837 198.593 198.85 198.918
159.965 166.823 173.891 182.512 192.283 202.249 213.795 226.578 241.104 257.644 274.61 291.468 306.008 315.253 320.91 323.6 324.824 322.717 318.968 312.605 300.891 287.871 273.311 258.318 243.291 230.601 220.903 216.576 215.115 215.661 218.208 222.727 229.293 238.663 249.427 258.866 271.034 284.851 298.041 308.69 319.434 328.049 333.679 337.098 338.464 337.897 336.877 336.66 335.133 331.648 324.616 312.828 299.918 284.615 265.469 247.786 233.852 221.62 211.964 205.273 201.63 200.183 199.939 200.695 200.925 200.932 199.405
158.214 163.072 169.667 176.721 186.105 196.869 208.652 221.442 236.022 251.839 270.163 288.332 304.691 315.118 319.424 320.885 321.129 318.766 313.449 304.383 293.561 281.729 268.115 253.318 239.844 229.147 221.449 218.359 217.905 220.215 223.964 229.51 236.293 245.663 257.217 268.366 279.405 292.027 304.271 314.697 325.488 335.644 342.442 346.064 347.484 347.667 346.87 345.133 341.621 334.582 322.794 308.304 292.608 275.103 257.064 242.129 229.661 219.181 210.72 205.056 200.866 199.244 199.797 200.027 199.271 198.305 195.758
160.093 164.883 169.936 177.294 186.867 197.658 209.448 221.475 235.089 249.913 266.554 283.595 299.049 310.079 313.014 314.028 313.475 310.138 303.802 295.202 285.378 274.554 261.939 248.878 236.627 227.727 222.793 221.115 222.425 225.2 229.754 235.537 243.09 253.427 265.21 277.946 289.352 300.405 311.446 321.663 331.69 341.697 349.3 353.896 356.281 356.694 355.141 351.621 345.346 334.524 319.472 302.757 285.035 266.286 250.373 237.669 227.181 217.93 209.713 203.32 198.144 196.312 195.366 195.17 194.38 191.853 188.104
164.788 169.781 175.544 183.117 192.697 203.488 214.514 225.548 237.399 250.258 264.143 278.245 291.53 300.647 303.893 304.333 302.787 298.45 291.877 284.823 276.965 266.58 255.527 244.459 234.944 228.239 224.569 223.905 225.478 229.795 235.544 242.3 250.083 260.454 273.007 287.526 299.352 309.588 319.622 328.866 337.9 347.697 356.854 361.889 364.308 364.728 361.621 355.346 345.314 332.026 314.17 296.008 277.252 258.259 243.183 232.283 223.795 215.754 206.984 200.361 195.151 191.785 189.617 187.677 185.719 182.936 179.145
169.375 176.307 184.029 192.015 201.595 212.386 222.622 231.893 241.751 252.609 263.704 274.806 285.118 291.269 293.157 294.137 292.76 288.389 282.572 275.775 268.748 260.107 250.276 241.768 234.483 229.786 227.325 227.661 230.208 234.017 240.368 248.124 256.88 267.454 280.797 294.817 307.217 316.866 325.137 333.941 343.705 352.934 361.941 367.754 371.14 370.235 365.143 356.077 343.782 328.479 309.36 289.421 269.462 251.023 237.703 228.032 220.578 212.781 204.754 197.564 191.388 187.002 183.063 180.658 177.894 174.138 170.909
173.192 181.922 191.644 201.576 211.561 221.588 230.832 239.839 248.103 256.961 265.266 272.604 278.187 281.696 283.893 284.333 282.76 279.153 274.328 267.741 260.741 253.687 246.592 239.544 234.064 230.603 229.912 231.451 234.234 238.788 244.598 252.185 261.739 273.285 285.331 299.689 311.548 320.212 328.982 337.975 347.002 356.773 365.212 371.612 374.471 372.554 366.428 355.538 340.472 323.73 303.604 281.875 261.469 244.576 233.249 224.788 217.571 209.781 202.544 195.537 189.327 184.144 179.178 174.266 170.868 167.077 164.631
176.577 186.739 198.258 209.427 220.393 230.595 239.805 248.042 255.286 261.583 266.132 269.478 272.56 274.811 275.292 276.069 274.692 271.875 267.287 260.707 254.47 247.673 242.2 237.895 234.61 233.122 232.898 234.478 237.268 241.849 247.639 255.219 264.036 276.177 288.38 301.987 314.387 323.219 330.483 339.077 348.841 358.07 367.05 372.91 375.546 373.596 365.908 353.789 336.136 315.684 294.713 274.449 255.962 240.291 229.235 220.815 213.605 207.341 200.537 194.3 188.293 182.32 177.117 172.117 167.171 163.739 161.522
177.658 189.394 202.143 215.082 227.251 239.19 248.805 256.252 262.496 265.45 266.769 267.081 267.183 268.021 269.001 269.231 268.421 265.834 261.253 255.436 248.666 243.2 238.949 236.468 235.19 234.939 235.695 237.478 241.032 245.051 249.876 256.49 265.841 277.441 289.448 303.028 313.921 321.592 328.599 337.179 346.206 355.977 364.416 370.816 372.885 370.732 362.227 348.338 328.665 306.916 286.476 267.996 251.508 237.047 226.201 218.544 212.3 206.293 201.03 195.225 189.225 183.225 177.252 171.286 166.083 162.664 161.217
178.658 191.211 204.967 219.696 233.075 245.278 255.671 262.53 267.01 267.918 266.432 264.507 263.339 263.163 263.197 263.204 262.414 259.834 255.253 249.463 244.2 239.949 236.705 235.251 235.007 235.763 237.519 240.276 243.295 247.093 251.883 256.936 265.901 276.718 287.752 300.367 311.003 318.633 324.87 332.484 340.518 350.105 357.762 363.216 365.825 362.341 352.641 336.961 318.341 297.72 279.03 261.779 247.088 235.364 225.896 218.469 211.496 206.056 201.049 196.786 191.191 185.191 178.428 171.462 166.049 163.393 162.939
180.421 193.204 206.994 222.547 236.933 249.346 259.002 266.402 270.261 270.135 267.588 263.859 260.717 258.575 258.17 258.17 257.38 254.8 249.456 244.226 239.983 235.975 234.292 234.041 234.797 235.79 238.344 240.573 243.37 247.161 251.187 255.985 263.409 273.03 283.828 295.645 306.071 312.938 318.945 325.762 333.559 340.85 347.108 352.325 354.191 350.457 339.19 324.57 306.395 288.105 271.61 256.332 243.635 233.174 224.72 218.266 212.232 207.779 202.981 198.008 192.988 186.428 180.198 173.401 167.981 165.352 165.695
183.38 196.17 209.197 223.811 238.791 252.177 262.009 268.666 272.302 272.142 268.035 262.313 257.934 255.522 253.575 253.17 251.617 248.834 244.226 239.219 235.009 231.773 231.109 231.865 232.858 234.621 236.641 238.648 241.438 244.465 248.263 253.053 258.897 267.308 276.369 287.754 298.173 305.776 311.979 318.006 324.067 330.108 336.115 339.798 341.232 337.491 326.17 311.59 294.956 278.678 264.19 250.912 240.215 231.727 224.476 218.259 213.022 208.805 204.779 199.218 193.252 186.469 180.259 174.232 170.542 169.081 170.417
185.414 197.441 210.238 224.818 240.581 254.967 265.009 271.639 273.742 273.176 268.252 262.259 257.076 252.164 249.556 247.609 245.624 242.834 238.253 234.017 230.009 228.326 227.339 228.689 229.892 231.682 233.682 235.682 238.472 241.472 244.499 248.323 253.148 259.789 267.62 276.498 286.309 294.702 301.878 307.318 311.588 317.183 322.42 327.373 328.435 324.491 313.933 300.319 284.705 270.224 256.973 246.256 237.761 230.51 223.503 218.056 213.049 208.839 204.076 198.293 191.53 185.3 180.056 175.786 173.325 173.634 176.174
184.921 196.516 209.306 224.649 240.642 254.299 265.672 273.47 274.959 273.413 269.022 262.462 256.286 250.32 245.961 242.792 240.59 237.036 233.78 229.975 226.739 224.549 224.109 224.919 225.926 227.716 228.953 230.75 234.304 236.743 239.54 242.567 247.155 252.972 259.033 265.891 273.749 281 287.244 292.461 298.197 303.42 309.953 316.122 317.374 312.66 302.69 290.075 276.224 262.21 251.29 242.032 234.578 227.571 221.334 216.117 210.354 205.178 200.185 194.395 188.368 183.124 179.644 178.129 177.844 179.383 182.166
182.003 192.82 206.934 222.71 238.71 252.34 263.76 272.362 275.561 274.386 270.015 263.435 257.225 250.462 244.313 239.934 235.995 232.773 229.766 226.739 223.732 222.285 221.305 221.892 222.892 223.919 224.926 226.716 229.533 231.75 234.54 237.54 241.357 245.418 250.25 256.074 262.135 267.412 273.217 279.953 286.149 292.885 299.871 307.607 309.272 303.768 293.614 281.797 268.973 255.939 246.066 238.585 231.571 224.571 218.361 212.388 206.395 201.185 195.422 190.956 186.124 182.644 181.156 182.432 184.357 187.869 191.828
176.308 187.659 202.022 218.576 234.778 248.408 259.828 269.22 274.972 274.42 270.813 265.962 259.394 252.401 244.665 239.076 234.11 230.698 227.698 224.698 222.461 220.481 219.278 219.095 219.892 220.892 221.892 223.682 225.709 227.716 230.506 233.506 236.533 240.331 243.594 248.216 252.486 257.291 263.081 269.871 277.607 285.566 295.059 302.694 304.17 298.639 287.715 275.722 262.932 252.222 242.991 234.808 227.605 220.605 213.632 206.666 201.99 196.422 191.956 187.941 185.441 184.156 185.432 189.7 194.598 200.313 204.719
170.315 181.686 196.056 211.873 228.644 242.476 254.659 265.045 272.613 274.778 272.569 267.981 262.164 254.604 246.611 240.218 235.015 230.832 226.866 224.427 221.656 219.454 218.244 218.034 218.061 218.095 219.655 220.885 222.682 224.682 227.472 229.709 233.27 236.499 240.27 243.526 247.331 252.121 257.911 264.701 273.254 282.984 292.969 299.836 300.339 294.605 282.891 270.688 258.661 248.235 239.788 231.781 224.571 217.571 209.808 202.605 197.975 193.158 189.705 187.434 186.946 188.432 191.937 199.003 206.901 213.299 217.719
