app/src/main/assets/10.asc
ncols 460
nrows 434
xllcorner 594988.361
yllcorner 3550570.172
cellsize 30
nodata_value -9999.0
[rows 120 to 149 of 434, columns 201 to 267 of 460]
173.444 163.971 156.51 151.847 150.946 155.619 164.685 173.873 182.11 188.564 192.227 192.101 187.238 178.942 169.957 163.3 158.873 154.847 148.469 139.862 132.435 126.198 120.981 118.325 117.898 118.688 122.005 125.227 129.051 134.639 141.483 150.894 162.455 174.448 184.077 189.917 190.993 188.603 183.198 177.928 173.677 171.223 171.613 173.464 177.112 178.837 179.122 178.373 175.826 172.043 167.226 161.429 155.456 151.07 148.658 146.577 142.949 137.361 132.968 129.002 126.59 124.643 116.498 104.197 93.44 88.011 85.475
167.31 160.383 155.861 154.129 155.425 162.097 171.663 180.11 188.117 193.774 195.674 194.345 189.191 180.821 172.584 167.684 162.906 158.703 153.096 143.955 134.043 127.225 122.015 120.149 121.459 124.181 127.957 131.93 135.923 139.976 145.598 154.002 164.616 175.65 185.077 190.153 191 188.63 184.786 179.981 177.298 175.284 174.128 173.222 173.141 173.197 171.677 169.719 166.172 161.416 156.423 151.396 146.362 141.382 137.996 137.32 136.435 132.99 128.975 125.739 121.995 116.537 105.115 92.899 87.052 85.299 83.488
163.592 158.888 157.927 160.161 163.869 170.252 178.866 187.846 194.523 198.22 199.654 198.284 193.886 187.245 180.967 175.77 170.014 164.838 158.292 149.692 138.368 129.597 125.508 124.074 126.208 131.49 137.415 142.584 146.023 149.057 152.908 159.347 168.758 178.029 186.28 191.127 191.203 189.393 185.805 181.779 179.352 178.115 175.581 171.123 167.812 164.914 161.199 157.267 153.281 149.255 144.457 139.457 134.457 129.457 126.038 125.408 127.671 127.401 125.536 123.495 118.381 108.579 96.034 86.877 83.536 82.312 80.522
161.132 159.197 161.256 167.288 173.415 180.191 188.008 196.042 202.469 206.098 207.518 206.911 203.507 198.656 192.851 186.878 180.122 172.419 163.704 153.955 141.619 132.577 129.291 129.6 133.693 140.232 147.961 153.577 157.76 160.199 161.497 164.969 170.678 178.314 185.558 190.195 191.007 188.656 184.11 179.907 178.251 176.481 173.698 168.354 161.678 154.814 149.45 144.484 139.518 135.315 131.288 126.491 121.491 117.255 114.801 115.137 118.474 119.279 118.455 115.894 109.768 99.614 89.324 83.936 80.724 78.549 76.556
161.407 162.466 167.524 174.293 182.029 189.225 197.015 205.015 210.672 214.862 217.247 216.87 213.499 209.473 204.648 197.325 189.366 179.846 168.361 154.146 139.999 132.273 130.946 134.775 141.273 149.786 158.744 166.103 169.192 169.68 168.194 166.377 169.214 174.099 180.701 186.094 188.663 185.934 179.625 174.246 172.414 171.387 168.036 162.463 154.91 146.18 138.829 132.66 128.221 124.213 119.45 115.221 110.423 106.977 104.76 105.13 107.737 109.137 107.023 102.511 95.945 89.601 83.458 79.773 77.529 75.522 74.285
163.71 167.768 174.3 182.056 190.049 198.022 205.252 212.286 217.713 221.159 222.613 222.04 218.669 214.669 209.879 203.272 193.948 181.673 166.431 150.487 136.837 130.888 132.324 136.883 146.516 158.197 168.569 176.191 179.24 178.133 173.095 168.757 168.803 171.458 176.87 182.087 184.716 181.212 173.112 167.287 164.685 163.482 160.875 156.26 148.883 139.329 130.944 123.768 119.145 115.909 111.321 107.111 103.085 99.868 97.658 97.265 97.353 96.638 94.072 89.491 84.438 80.923 77.821 75.563 75.082 74.251 74.007
168.012 173.544 181.854 190.812 199.778 206.455 213.259 218.732 222.22 223.708 223.959 222.413 218.076 213.11 207.354 199.808 189.471 175.372 158.832 144.92 134.951 131.4 133.336 139.443 150.353 163.872 175.461 183.293 186.342 183.655 177.326 172.703 171.128 171.776 175.214 179.255 179.392 174.49 166.89 159.727 156.692 156.245 156.157 152.949 146.544 137.167 126.457 118.639 113.246 109.834 106.017 101.246 98.57 95.766 94.319 92.575 90.643 87.921 84.172 80.153 77.645 76.36 75.292 74.251 74.034 74.007 74.763
172.788 180.861 190.603 199.805 208.042 215.232 219.935 223.983 225.674 225.162 222.676 218.198 212.456 205.727 198.768 190.222 179.648 166.251 151.4 140.256 133.315 131.98 135.1 142.99 154.346 167.926 179.556 187.395 190.444 186.94 181.13 175.94 173.345 172.959 174.6 175.141 172.853 168.26 160.12 152.707 148.894 149.799 152.494 151.468 145.503 135.369 124.376 115.774 110.915 108.461 104.11 99.117 96.488 94.461 92.481 89.724 86.758 83.002 79.009 75.773 74.319 74.075 74.041 74.007 74.763 75.729 77.485
179.307 187.873 197.663 206.873 215.083 220.766 224.227 225.735 225.993 223.683 218.408 211.693 203.971 195.248 187.08 179.06 169.446 158.568 147.439 137.964 134.38 134.695 138.822 146.975 158.346 170.399 180.86 187.734 192.107 190.508 185.123 179.913 177.284 175.337 173.459 170.015 166.07 162.051 154.856 147.639 143.036 143.021 145.608 145.421 140.436 132.005 122.937 114.713 109.873 107.454 103.847 99.813 96.622 94.42 91.656 88.664 84.137 79.941 75.941 73.495 73.041 73.797 74.763 74.966 76.519 78.485 82.005
185.327 193.907 203.697 212.144 217.861 221.356 222.844 223.095 221.575 218.036 210.937 202.978 193.458 184.263 175.29 167.087 159.033 150.938 143.6 138.044 136.149 138.249 143.578 151.178 161.582 171.853 180.341 187.538 191.397 191.19 187.752 183.711 180.52 176.791 172.096 166.381 161.212 157.009 151.375 144.571 139.178 137.4 137.285 137.279 133.294 126.653 118.822 113.105 108.11 106.251 104.4 100.042 96.63 94.42 91.63 87.103 82.881 78.11 74.671 73.217 73 73.79 75.553 76.729 79.276 83.005 89.28
191.327 199.144 206.442 212.727 216.424 218.675 219.129 217.609 214.097 209.348 202.748 194.951 185.371 175.397 166.195 157.985 150.748 143.714 138.997 136.475 136.77 140.1 145.673 153.253 162.097 171.138 179.355 186.565 189.641 190.804 188.603 185.569 181.798 177.042 172.049 166.259 159.523 154.907 150.09 143.503 137.32 133.751 130.846 128.711 125.882 120.47 115.173 110.915 107.644 106.21 104.42 100.813 97.596 94.622 90.866 86.083 81.873 77.083 74.427 73.21 73.763 74.756 76.546 79.283 83.032 89.314 97.82
196.564 201.861 206.173 210.248 211.946 212.987 212.441 209.894 204.585 199.389 193.572 186.748 178.134 168.337 159.127 150.917 143.707 138.997 135.739 135.048 137.351 141.89 147.673 154.49 163.077 172.077 179.524 185.768 188.614 189.061 187.461 184.664 181.637 177.813 173.015 167.988 161.401 156.008 150.252 142.706 137.056 132.866 128.137 123.232 119.834 115.226 110.983 108.502 107.987 106.413 103.656 100.637 97.63 93.866 89.873 85.083 80.873 76.847 74.42 73.973 74.756 76.519 78.512 82.829 87.788 95.888 106.4
199.281 202.356 203.871 204.973 205.994 206.231 204.685 199.612 192.87 188.221 184.16 178.538 170.924 161.337 152.127 144.68 138.436 134.773 134.055 135.561 138.336 144.443 150.639 158.192 166.975 175.212 182.429 186.349 188.58 188.237 185.69 182.698 179.698 176.671 172.847 168.813 164.725 159.913 152.597 144.611 138.981 133.245 127.286 120.557 115.205 111.746 108.705 107.251 107.034 105.454 103.427 100.63 96.866 92.873 88.873 84.083 79.873 76.637 75.183 74.966 75.756 78.31 81.276 86.612 94.105 103.637 114.42
199.776 200.081 199.366 198.434 196.738 194.813 191.301 185.735 179.708 176.045 173.774 169.362 162.748 154.897 146.856 139.639 134.956 133.258 133.797 137.107 142.592 149.361 156.334 164.88 173.873 180.557 185.834 188.505 188.986 186.683 182.934 178.968 175.002 172.563 170.502 169.197 166.569 161.981 154.611 147.374 141.947 135.394 128.428 119.908 113.32 108.171 104.766 104.109 104.865 103.488 102.251 98.9 94.907 90.907 86.907 82.881 79.637 77.393 76.176 76.729 77.722 81.066 88.085 95.232 104.542 113.764 123.588
197.5 195.575 192.09 188.192 185.03 180.538 175.586 170.566 166.296 164.598 163.557 160.153 154.538 147.714 141.443 135.402 132.502 132.804 136.08 141.585 148.334 156.09 164.056 172.839 181.076 186.74 189.457 190.715 188.642 184.137 177.652 172.28 167.314 163.928 164.016 165.704 165.258 161.083 156.003 149.401 143.218 136.435 127.908 118.923 111.53 105.354 102.495 102.068 102.858 102.251 100.481 96.907 92.144 87.178 84.502 82.434 80.393 78.386 77.176 78.519 82.012 87.517 98.136 109.973 118.831 125.346 133.001
192.029 188.097 183.348 177.619 172.477 166.728 161.525 158.052 156.537 156.279 154.719 151.909 147.294 141.47 136.99 132.922 132.014 134.317 139.619 146.368 154.124 162.88 171.846 180.076 186.557 191.017 192.681 190.635 186.137 178.861 171.673 163.963 157.592 153.206 153.927 157.447 159.772 158.509 154.881 149.266 142.496 134.74 125.957 116.957 109.537 104.09 101.454 101.797 101.264 100.278 97.724 93.178 88.949 84.915 83.251 82.217 81.183 80.149 79.905 82.242 86.788 94.861 108.5 121.871 130.913 135.806 140.691
184.111 180.111 174.558 169.328 163.558 158.328 154.085 151.631 151.177 150.407 149.387 146.8 142.983 138.922 135.671 134.163 134.695 138.032 143.605 151.158 159.914 169.671 178.11 186.117 191.774 194.464 193.398 189.103 181.827 173.086 164.146 156.714 148.971 144.145 144.886 149.23 153.379 154.914 151.941 145.598 137.842 129.849 121.059 112.822 107.132 102.117 100.251 100.061 99.278 97.515 94.732 90.151 85.941 83.468 83.007 82.973 82.939 82.905 84.425 87.2 93.307 103.4 118.309 131.169 138.489 142.159 145.983
175.145 171.145 167.092 163.051 158.99 154.949 152.468 150.454 149.271 148.278 147.278 145.461 141.873 138.637 137.156 136.905 139.215 142.991 148.571 156.151 164.941 173.968 182.948 189.625 193.322 194.02 190.927 183.861 175.12 166.127 157.89 150.673 143.646 139.009 138.987 142.391 146.399 148.028 145.077 138.707 130.917 122.154 114.687 108.409 103.185 100.475 98.481 98.068 97.278 95.488 91.171 87.712 83.907 82.251 82.797 84.527 85.695 86.661 89.208 93.727 100.293 110.454 124.641 137.278 143.774 144.911 147.329
167.875 164.841 162.57 160.502 158.434 156.366 154.352 152.352 151.905 150.345 149.142 146.588 143.569 141.325 140.871 142.391 145.166 149.72 154.74 162.117 170.144 178.178 185.449 190.91 192.81 190.744 185.449 177.12 168.127 159.127 151.68 146.2 141.132 136.907 135.332 136.007 138.635 139.299 136.145 129.775 121.985 114.721 108.47 103.99 99.949 98.285 96.488 96.068 94.515 92.522 88.915 85.698 83.434 82.973 84.519 86.512 88.485 91.215 94.964 99.747 106.327 115.724 128.156 139.616 144.356 145 146.607
162.597 162.089 162.014 161.946 161.115 160.081 159.047 157.25 156.067 155.047 152.513 149.528 146.528 145.081 145.627 148.174 151.93 156.713 162.476 169.286 176.32 183.354 188.834 191.559 189.737 186.002 178.903 170.127 161.127 153.653 147.402 142.949 139.678 135.873 131.954 130.4 131.048 130.509 126.382 120.572 113.748 107.504 103.024 100.536 98.468 97.244 95.454 94.271 92.488 90.488 87.671 84.664 83.217 84.527 87.276 90.242 93.971 97.166 101.72 107.476 114.259 122.103 131.778 139.536 142.641 145.358 147.546
161.048 162.561 163.729 165.459 166.6 166.006 165.769 164.182 162.972 161.209 157.662 154.46 151.46 150.04 150.62 153.964 158.72 164.476 171.232 177.462 183.496 188.766 191.491 191.222 187.137 180.652 172.883 164.093 155.856 149.402 144.158 140.705 137.698 133.907 129.144 125.785 123.67 121.719 117.355 112.328 107.268 102.99 99.739 98.285 97.251 97.007 95.42 93.447 91.454 88.69 86.461 84.427 83.973 85.546 89.1 93.829 99.551 104.693 110.442 116.435 123.225 130.252 136.576 142.632 147.005 150.2 152.41
161.763 165.073 168.215 171.937 174.315 174.701 173.931 172.911 170.377 166.655 162.669 158.696 155.494 154.837 156.383 159.957 166.273 173.232 180.225 186.435 191.672 195.152 195.85 192.021 185.523 177.01 168.052 159.059 151.612 146.158 141.151 137.732 134.732 131.705 127.117 121.408 117.826 114.86 111.051 107.017 102.983 100.502 99.224 98.973 98.939 98.169 96.386 94.386 91.622 88.63 86.42 84.42 84 86.344 90.89 97.409 104.368 112.071 119.232 126.198 132.428 139.225 145.435 150.672 154.889 158.098 159.545
165.249 169.025 174.524 179.686 183.072 185.221 184.836 182.309 178.56 173.041 167.872 162.906 159.494 158.864 161.971 165.957 173.09 181.82 189.225 195.435 199.881 201.572 199.506 191.894 182.976 173.991 164.991 156.754 149.537 144.117 139.117 134.934 131.732 128.732 124.915 119.327 114.171 110.766 107.739 105.468 103.4 102.912 103.634 103.83 104.593 104.006 101.452 98.486 93.967 90.562 87.588 85.386 84.966 87.336 92.68 100.226 108.956 118.678 127.056 135.022 142.198 148.428 153.672 158.679 162.125 165.132 165.026
169.032 174.551 181.3 188.239 192.828 194.477 193.141 189.594 184.075 177.326 171.15 166.711 164.257 164.593 167.957 172.72 180.083 188.873 197.056 202.706 206.923 207.026 200.643 189.599 179.227 170.025 161.788 154.544 148.3 142.32 137.117 132.144 127.968 125.529 122.705 117.327 112.117 109.461 107.427 106.946 107.642 109.357 111.315 113.255 113.687 112.904 109.56 104.831 99.082 93.17 88.798 85.622 85 88.134 94.47 103.016 112.773 123.529 133.678 142.846 151.022 157.435 161.118 164.186 167.2 170.2 169.277
174.754 181.3 188.293 195.293 199.923 200.789 198.452 193.143 186.394 180.164 174.157 170.501 169.81 170.586 174.72 180.476 187.286 195.11 202.354 207.781 210.464 207.055 198.95 186.823 175.437 164.498 156.646 151.166 145.361 140.124 134.354 129.915 125.907 123.488 121.461 117.056 112.813 111.149 110.878 113.154 116.079 119.801 123.733 126.138 126.558 124.241 119.702 113.183 104.697 97.326 91.177 87.562 86.932 90.093 96.463 105.043 115.597 127.353 138.529 148.705 157.88 165.266 169.862 173.064 174.538 174.843 171.757
180.747 186.564 194.124 200.564 204.227 204.101 200.764 194.428 186.672 181.022 175.988 174.088 175.391 178.113 181.915 187.503 193.53 199.591 204.868 209.119 209.256 203.591 194.261 182.661 170.681 159.478 151.639 146.219 141.192 136.949 132.124 127.907 124.671 122.454 121.217 118.576 115.535 115.634 117.357 121.659 127.354 132.516 137.482 140.104 139.761 135.661 129.149 121.4 111.09 101.738 94.36 89.764 88.932 92.093 98.463 107.043 117.624 129.414 141.387 151.799 161.773 170.158 176.517 179.369 179.06 176.574 172.042
186.747 193.3 199.557 204.808 206.708 204.615 200.076 192.74 186.273 181.049 179.102 179.6 181.376 184.93 189.686 193.942 198.01 202.078 206.119 207.837 204.988 197.876 188.303 176.722 164.722 154.276 145.876 139.49 135.814 132.773 129.712 126.671 124.427 123.946 123.905 122.291 121.02 122.349 125.869 132.171 139.13 145.306 150.509 152.375 151.039 145.912 137.602 127.88 116.341 105.955 98.333 92.94 91.898 94.295 100.463 109.043 118.86 129.684 141.482 151.901 161.901 171.084 176.944 179.58 179.21 175.866 171.847
195.847 200.698 205.74 207.694 207.959 204.832 198.523 192.273 187.022 184.305 183.074 184.417 187.937 191.923 195.186 198.227 200.498 202.566 203.871 202.602 196.754 188.222 179.202 168.588 157.554 147.337 139.68 134.226 130.8 128.563 127.292 126.224 125.946 127.459 129.391 129.742 128.938 131.072 136.381 143.157 150.157 157.893 162.745 162.856 159.553 152.461 142.921 132.165 120.382 109.963 101.57 95.947 94.898 97.268 102.666 110.28 118.341 127.962 138.023 148.037 158.037 167.247 173.85 177.446 177.278 174.671 171.637
207.955 210.253 213.118 213.026 210.54 206.008 200.198 194.954 189.947 188.081 188.6 191.14 193.396 196.227 199.234 200.708 200.986 200.29 198.602 193.571 186.046 177.263 169.026 159.412 150.141 141.863 135.402 130.949 127.732 126.285 126.041 126.77 129.256 133.734 137.869 138.694 138.667 141.03 147.164 154.157 161.92 169.15 172.26 171.141 165.278 155.982 145.233 133.477 121.484 111.828 103.611 97.981 96.932 99.302 103.91 109.761 116.592 124.443 132.511 141.342 151.139 161.113 169.471 175.033 176.804 175.393 172.596
221.692 222.578 221.909 220.175 216.628 211.082 205.089 199.879 196.406 194.972 194.789 196.403 198.41 199.674 199.979 199.264 197.541 194.819 190.334 183.039 174.29 166.06 158.053 150.762 142.924 136.443 131.956 128.705 126.461 126.007 128.29 131.215 134.964 140.51 145.686 148.255 149.423 152.76 158.36 165.157 172.947 178.63 179.748 175.892 167.806 157.267 145.511 133.518 122.282 112.091 104.442 99.015 97.966 99.573 103.187 107.248 112.106 118.728 125.762 134.349 144.139 154.903 165.052 172.613 177.148 177.912 175.528
