app/src/main/assets/10.asc
ncols 460
nrows 434
xllcorner 594988.361
yllcorner 3550570.172
cellsize 30
nodata_value -9999.0
[rows 90 to 119 of 434, columns 268 to 334 of 460]
-9999.0 -9999.0 -9999.0 -9999.0 -9999.0 -9999.0 -9999.0 -9999.0 -9999.0 -9999.0 -9999.0 -9999.0 -9999.0 -9999.0 -9999.0 -9999.0 -9999.0 -9999.0 -9999.0 -9999.0 -9999.0 -9999.0 -9999.0 -9999.0 -9999.0 -9999.0 -9999.0 -9999.0 -9999.0 -9999.0 -9999.0 -9999.0 -9999.0 -9999.0 -9999.0 -9999.0 -9999.0 -9999.0 -9999.0 -9999.0 -9999.0 -9999.0 -9999.0 -9999.0 -9999.0 -9999.0 -9999.0 -9999.0 -9999.0 -9999.0 -9999.0 -9999.0 -9999.0 -9999.0 -9999.0 -9999.0 -9999.0 -9999.0 -9999.0 -9999.0 -9999.0 -9999.0 -9999.0 -9999.0 -9999.0 -9999.0 -9999.0
-9999.0 -9999.0 -9999.0 -9999.0 -9999.0 -9999.0 -9999.0 -9999.0 -9999.0 -9999.0 -9999.0 -9999.0 -9999.0 -9999.0 -9999.0 -9999.0 -9999.0 -9999.0 -9999.0 -9999.0 -9999.0 -9999.0 -9999.0 -9999.0 -9999.0 -9999.0 -9999.0 -9999.0 -9999.0 -9999.0 -9999.0 -9999.0 -9999.0 -9999.0 -9999.0 -9999.0 -9999.0 -9999.0 -9999.0 -9999.0 -9999.0 -9999.0 -9999.0 -9999.0 -9999.0 -9999.0 -9999.0 -9999.0 -9999.0 -9999.0 -9999.0 -9999.0 -9999.0 -9999.0 -9999.0 -9999.0 -9999.0 -9999.0 -9999.0 -9999.0 -9999.0 -9999.0 -9999.0 -9999.0 -9999.0 -9999.0 -9999.0
-9999.0 -9999.0 -9999.0 -9999.0 -9999.0 -9999.0 -9999.0 -9999.0 -9999.0 -9999.0 -9999.0 -9999.0 -9999.0 -9999.0 -9999.0 -9999.0 -9999.0 -9999.0 -9999.0 -9999.0 -9999.0 -9999.0 -9999.0 -9999.0 -9999.0 -9999.0 -9999.0 -9999.0 -9999.0 -9999.0 -9999.0 -9999.0 -9999.0 -9999.0 -9999.0 -9999.0 -9999.0 -9999.0 -9999.0 -9999.0 -9999.0 -9999.0 -9999.0 -9999.0 -9999.0 -9999.0 -9999.0 -9999.0 -9999.0 -9999.0 -9999.0 -9999.0 -9999.0 -9999.0 -9999.0 -9999.0 -9999.0 -9999.0 -9999.0 -9999.0 -9999.0 -9999.0 -9999.0 -9999.0 -9999.0 -9999.0 -9999.0
-9999.0 -9999.0 -9999.0 -9999.0 -9999.0 -9999.0 -9999.0 -9999.0 -9999.0 -9999.0 -9999.0 -9999.0 -9999.0 -9999.0 -9999.0 -9999.0 -9999.0 -9999.0 -9999.0 -9999.0 -9999.0 -9999.0 -9999.0 -9999.0 -9999.0 -9999.0 -9999.0 -9999.0 -9999.0 -9999.0 -9999.0 -9999.0 -9999.0 -9999.0 -9999.0 -9999.0 -9999.0 -9999.0 -9999.0 -9999.0 -9999.0 -9999.0 -9999.0 -9999.0 -9999.0 -9999.0 -9999.0 -9999.0 -9999.0 -9999.0 -9999.0 -9999.0 -9999.0 -9999.0 -9999.0 -9999.0 -9999.0 -9999.0 -9999.0 -9999.0 -9999.0 -9999.0 -9999.0 -9999.0 -9999.0 -9999.0 -9999.0
-9999.0 -9999.0 -9999.0 -9999.0 -9999.0 -9999.0 -9999.0 -9999.0 -9999.0 -9999.0 -9999.0 -9999.0 -9999.0 -9999.0 -9999.0 -9999.0 -9999.0 -9999.0 -9999.0 -9999.0 -9999.0 -9999.0 -9999.0 -9999.0 -9999.0 -9999.0 -9999.0 -9999.0 -9999.0 -9999.0 -9999.0 -9999.0 -9999.0 -9999.0 -9999.0 -9999.0 -9999.0 -9999.0 -9999.0 -9999.0 -9999.0 -9999.0 -9999.0 -9999.0 -9999.0 -9999.0 -9999.0 -9999.0 -9999.0 -9999.0 -9999.0 -9999.0 -9999.0 -9999.0 -9999.0 -9999.0 -9999.0 -9999.0 -9999.0 -9999.0 -9999.0 -9999.0 -9999.0 -9999.0 -9999.0 -9999.0 -9999.0
-9999.0 -9999.0 -9999.0 -9999.0 -9999.0 -9999.0 -9999.0 -9999.0 -9999.0 -9999.0 -9999.0 -9999.0 -9999.0 -9999.0 -9999.0 -9999.0 -9999.0 -9999.0 -9999.0 -9999.0 -9999.0 -9999.0 -9999.0 -9999.0 -9999.0 -9999.0 -9999.0 -9999.0 -9999.0 -9999.0 -9999.0 -9999.0 -9999.0 -9999.0 -9999.0 -9999.0 -9999.0 -9999.0 -9999.0 -9999.0 -9999.0 -9999.0 -9999.0 -9999.0 -9999.0 -9999.0 -9999.0 -9999.0 -9999.0 -9999.0 -9999.0 -9999.0 -9999.0 -9999.0 -9999.0 -9999.0 -9999.0 -9999.0 -9999.0 -9999.0 -9999.0 -9999.0 -9999.0 -9999.0 -9999.0 -9999.0 -9999.0
-9999.0 -9999.0 -9999.0 -9999.0 -9999.0 -9999.0 -9999.0 -9999.0 -9999.0 -9999.0 -9999.0 -9999.0 -9999.0 -9999.0 -9999.0 -9999.0 -9999.0 -9999.0 -9999.0 -9999.0 -9999.0 -9999.0 -9999.0 -9999.0 -9999.0 -9999.0 -9999.0 -9999.0 -9999.0 -9999.0 -9999.0 -9999.0 -9999.0 -9999.0 -9999.0 -9999.0 -9999.0 -9999.0 -9999.0 -9999.0 -9999.0 -9999.0 -9999.0 -9999.0 -9999.0 -9999.0 -9999.0 -9999.0 -9999.0 -9999.0 -9999.0 -9999.0 -9999.0 -9999.0 -9999.0 -9999.0 -9999.0 -9999.0 -9999.0 -9999.0 -9999.0 -9999.0 -9999.0 -9999.0 -9999.0 -9999.0 -9999.0
-9999.0 -9999.0 -9999.0 -9999.0 -9999.0 -9999.0 -9999.0 -9999.0 -9999.0 -9999.0 -9999.0 -9999.0 -9999.0 -9999.0 -9999.0 -9999.0 -9999.0 -9999.0 -9999.0 -9999.0 -9999.0 -9999.0 -9999.0 -9999.0 -9999.0 -9999.0 -9999.0 -9999.0 -9999.0 -9999.0 -9999.0 -9999.0 -9999.0 -9999.0 -9999.0 -9999.0 -9999.0 -9999.0 -9999.0 -9999.0 -9999.0 -9999.0 -9999.0 -9999.0 -9999.0 -9999.0 -9999.0 -9999.0 -9999.0 -9999.0 -9999.0 -9999.0 -9999.0 -9999.0 -9999.0 -9999.0 -9999.0 -9999.0 -9999.0 -9999.0 -9999.0 -9999.0 -9999.0 -9999.0 -9999.0 -9999.0 -9999.0
-9999.0 -9999.0 -9999.0 -9999.0 -9999.0 -9999.0 -9999.0 -9999.0 -9999.0 -9999.0 -9999.0 -9999.0 -9999.0 -9999.0 -9999.0 -9999.0 -9999.0 -9999.0 -9999.0 -9999.0 -9999.0 -9999.0 -9999.0 -9999.0 -9999.0 -9999.0 -9999.0 -9999.0 -9999.0 -9999.0 -9999.0 -9999.0 -9999.0 -9999.0 -9999.0 -9999.0 -9999.0 -9999.0 -9999.0 -9999.0 -9999.0 -9999.0 -9999.0 -9999.0 -9999.0 -9999.0 -9999.0 -9999.0 -9999.0 -9999.0 -9999.0 -9999.0 -9999.0 -9999.0 -9999.0 -9999.0 -9999.0 -9999.0 -9999.0 -9999.0 -9999.0 -9999.0 -9999.0 -9999.0 -9999.0 -9999.0 -9999.0
-9999.0 -9999.0 -9999.0 -9999.0 -9999.0 -9999.0 -9999.0 -9999.0 -9999.0 -9999.0 -9999.0 -9999.0 -9999.0 -9999.0 -9999.0 -9999.0 -9999.0 -9999.0 -9999.0 -9999.0 -9999.0 -9999.0 -9999.0 -9999.0 -9999.0 -9999.0 -9999.0 -9999.0 -9999.0 -9999.0 -9999.0 -9999.0 -9999.0 -9999.0 -9999.0 -9999.0 -9999.0 -9999.0 -9999.0 -9999.0 -9999.0 -9999.0 -9999.0 -9999.0 -9999.0 -9999.0 -9999.0 -9999.0 -9999.0 -9999.0 -9999.0 -9999.0 -9999.0 -9999.0 -9999.0 -9999.0 -9999.0 -9999.0 -9999.0 -9999.0 -9999.0 -9999.0 -9999.0 -9999.0 -9999.0 -9999.0 -9999.0
89.027 91.351 94.283 95.688 95.871 91.94 88.528 88.688 92.059 96.085 100.883 104.276 104.188 101.656 96.32 90.327 84.327 79.064 74.049 70.603 66.015 61.832 57.839 54.656 50.873 47.637 44.63 42.366 40.379 40.729 42.485 44.478 47.242 50.971 54.93 58.896 62.098 64.308 65.518 64.175 62.945 60.358 55.804 50.838 46.689 43.52 42.081 40.311 39.898 39.925 39.959 40.729 40.169 39.939 39.932 40.695 41.688 42.688 44.425 44.857 44.864 44.101 44.688 44.135 44.749 44.993 45.817
89 91.37 95.897 98.485 97.371 93.779 90.562 91.485 95.059 99.059 102.322 103.81 102.481 98.934 93.361 87.361 82.124 77.881 73.847 69.866 65.083 60.11 55.907 52.698 48.907 46.461 44.427 43.183 42.912 43.688 45.478 48.242 51.998 56.754 61.72 65.923 69.896 72.308 72.755 72.708 71.904 69.324 63.98 57.251 51.872 48.46 45.513 43.318 42.898 42.135 41.932 42.722 42.905 42.135 41.932 42.722 43.722 45.485 47.478 48.661 48.864 48.074 47.891 46.345 45.196 45 45.027
89.203 91.37 96.714 99.546 98.386 95.569 94.088 95.444 97.498 101.093 103.539 103.23 100.69 95.381 90.158 84.361 79.915 75.144 71.705 67.907 63.117 58.881 54.11 49.934 48.231 47.183 46.149 44.379 44.729 46.485 49.242 52.234 56.788 62.544 67.747 72.72 76.923 79.342 79.762 79.762 78.972 76.392 70.258 62.502 56.116 52.494 49.494 47.284 46.101 45.871 45.864 45.128 44.932 44.905 44.135 44.722 45.722 48.276 50.478 51.688 51.898 51.871 50.337 48.352 47.142 45.405 44.237
90.176 92.336 96.944 99.58 98.42 96.393 96.702 99.242 100.681 103.295 104.749 103.413 99.103 94.09 87.557 81.361 76.941 72.915 68.934 65.705 61.117 56.907 53.644 50.603 48.413 48.736 48.905 46.554 46.722 48.512 51.302 55.066 59.849 65.639 71.612 76.815 80.261 83.242 84.627 84.83 82.513 78.764 73.928 66.543 60.123 55.73 53.291 51.284 50.074 49.864 49.101 48.871 48.101 47.135 46.905 46.925 47.722 49.539 52.31 53.722 54.695 54.898 53.318 51.318 48.581 46.386 44.413
91.176 91.81 95.221 97.648 97.251 97.744 99.485 101.505 102.722 103.776 104.79 102.656 98.083 91.557 84.571 78.361 73.178 69.739 65.941 62.732 58.915 56.434 55.156 53.325 51.318 51.688 51.135 48.562 47.959 50.31 52.539 56.89 61.883 67.673 72.91 77.917 81.336 83.573 85.553 85.203 81.866 77.873 73.847 68.969 63.157 58.737 55.554 54.115 53.871 53.864 53.074 52.101 51.108 50.108 49.135 48.932 49.722 51.512 53.539 55.519 56.722 56.932 56.115 53.554 50.562 46.825 44.42
93.142 92.959 94.6 95.851 97.568 98.756 100.546 101.783 102.79 103.027 103.061 100.698 96.881 89.74 81.774 74.598 69.185 65.766 62.739 60.495 57.671 56.98 56.176 55.149 54.115 53.162 52.176 49.596 48.966 50.573 53.344 57.153 61.187 66.775 71.985 76.985 80.404 83.378 84.817 83.481 79.144 74.178 71.502 68.644 64.786 60.771 58.325 57.871 57.864 57.864 56.311 54.345 52.379 50.413 49.973 49.966 50.756 52.546 54.546 55.783 57.553 57.966 57.176 54.596 50.832 47.603 44.622
95.142 94.932 94.986 95.027 96.614 97.824 98.851 99.858 100.095 100.865 101.068 98.698 94.144 86.781 78.018 71.368 65.388 61.002 59.326 59.048 58.953 58.169 57.176 56.939 56.905 55.345 53.379 51.359 50.932 51.749 53.573 56.397 60.958 65.978 70.985 75.985 79.404 82.404 83.824 80.927 76.151 71.151 68.522 67.258 65.4 63.332 61.318 61.661 61.864 60.337 58.352 55.588 52.622 50.42 50 50.763 50.993 51.817 53.614 54.824 56.614 57.034 56.244 54.427 50.839 47.63 45.393
97.142 96.932 96.169 95.966 95.256 95.858 96.095 96.129 96.136 96.163 95.407 93.597 89.219 82.612 74.788 66.835 61.192 57.739 57.075 57.831 59.561 59.939 60.668 60.101 59.135 58.115 57.081 55.284 54.101 53.925 54.749 56.573 60.187 64.985 69.221 74.019 77.438 81.202 82.061 78.144 73.915 70.644 67.656 65.481 65.778 65.912 65.081 64.891 64.135 62.352 60.352 56.798 52.832 50.42 50 50.79 51 51.79 52.817 53.824 54.851 55.068 54.278 53.251 50.637 47.63 45.42
97.77 97.966 97.176 96.203 94.447 92.534 91.373 90.407 89.441 89.238 88.448 86.658 82.287 76.47 69.646 62.612 57.949 55.495 55.068 57.385 60.344 62.493 63.688 63.108 62.871 62.837 62.04 59.486 57.311 56.135 55.196 56.58 60.161 64.187 68.195 72.221 76.965 80.397 79.507 75.915 73.434 71.393 68.596 65.622 65.027 66.561 67.702 67.135 65.379 63.386 60.622 56.839 52.839 50.42 49.237 49.824 50.034 50.824 51.061 51.095 51.129 51.899 52.075 51.278 49.461 47.427 45.42
95.095 94.339 94.109 94.075 92.488 89.724 86.785 84.617 82.651 81.475 80.482 78.692 75.085 70.26 64.436 59.166 55.705 54.251 54.797 58.134 61.336 64.31 65.722 66.668 67.627 67.067 65.311 62.528 59.554 57.379 56.176 56.783 59.397 63.195 67.195 71.195 76.748 80.37 78.656 74.873 73.217 72.946 70.562 67.562 64.642 65.614 68.351 68.176 65.622 63.42 59.866 56.637 52.839 49.656 49.007 49.027 49.034 49.061 49.068 48.305 48.102 48.129 48.136 48.109 48.048 47.217 46.183
92.507 90.549 90.136 90.899 90.285 86.934 82.968 79.792 77.59 75.617 73.651 71.658 68.077 64.814 60.956 57.678 55.427 55.736 57.485 60.295 64.066 67.268 69.451 71.417 71.857 71.074 69.284 65.73 61.764 58.588 57.176 57.756 59.573 63.161 67.161 71.161 75.978 78.641 76.698 73.671 73.007 72.237 70.427 67.63 64.63 64.054 66.438 67.804 64.866 62.454 59.637 56.63 52.839 49.63 48.237 48.034 48.034 47.271 47.068 46.278 46.068 46.068 46.068 46.831 47.034 47.007 46.21
92.622 89.656 87.507 87.892 88.838 86.637 81.313 77.698 74.724 71.758 69.556 67.556 64.739 62.495 60.434 59.156 58.115 59.451 62.208 65.2 68.991 72.2 74.41 75.647 75.864 74.311 71.554 67.771 63.008 59.596 58.176 58.756 61.31 64.329 68.127 71.363 75.187 76.851 73.934 71.495 71.068 69.515 68.285 66.461 63.664 61.507 63.472 65.655 63.671 60.69 57.698 55.461 52.637 49.63 48.21 47.237 47.034 46.244 45.271 45.041 44.271 44.068 44.831 45.824 46.034 46.034 46.77
93.798 90.596 88.386 89.519 92.249 88.967 80.901 75.137 71.732 68.732 66.522 65.285 64.224 63.183 62.149 61.905 63.398 66.903 70.862 74.064 77.091 80.098 80.782 80.06 78.337 74.825 70.866 67.637 63.813 61.359 60.142 61.485 63.505 66.302 69.329 72.336 74.6 75.824 72.11 69.488 69.068 67.488 66.278 64.488 61.698 58.724 60.472 62.682 61.495 58.698 55.698 53.488 51.461 49.427 48.21 47.21 46.237 45.244 44.244 43.271 43.041 43.797 44.027 44.824 45.034 45.797 46.79
96.177 91.798 89.386 92.073 95.268 89.657 77.836 69.659 65.834 63.597 62.353 62.109 62.075 62.041 63.534 64.695 68.768 75.246 80.618 84.794 87.996 88.707 87.201 84.479 79.994 75.042 70.839 66.866 63.637 62.183 61.939 64.276 66.478 69.268 72.268 73.742 74.783 74.264 70.881 67.69 67.068 66.251 65.244 62.69 58.934 55.732 56.709 58.716 58.319 56.495 54.461 52.454 50.454 48.454 47.244 46.244 45.244 44.244 43.244 43.007 43 43.027 43.797 44.027 44.034 44.824 45.824
97.833 92.042 87.893 90.229 91.912 84.288 72.695 64.639 60.8 59.353 59.109 59.102 60.629 62.561 65.31 68.249 74.341 80.564 86.544 92.483 95.335 94.235 91.486 86.204 80.252 74.286 69.11 65.671 63.427 62.973 63.729 66.302 69.276 71.505 73.539 73.993 74.027 74.007 71.603 67.832 65.473 64.278 62.515 58.968 54.975 52.529 52.919 54.716 55.872 55.251 53.454 50.69 48.488 46.488 46.041 45.244 44.244 43.244 42.244 42.034 42.034 42.034 42.061 42.831 43.034 43.824 44.824
97.328 89.557 84.178 84.77 84.468 77.134 68.046 62.132 60.224 59.21 59.763 60.729 63.276 67.005 71.727 75.896 81.496 86.74 91.01 95.078 95.986 94.42 90.866 85.293 79.293 73.293 68.083 64.664 63.217 63.763 65.519 67.539 69.573 71.58 72.817 73.034 73.034 73.034 72.19 68.805 64.859 61.717 58.758 54.975 51.739 49.522 49.129 49.953 50.96 51.906 52.048 49.664 47.454 45.454 44.271 43.278 42.278 41.278 41.041 41.034 41.034 41.034 41.034 41.061 41.831 42.061 42.858
93.85 84.078 81.306 81.122 78.819 71.856 65.349 62.407 61.176 60.939 61.722 64.249 68.761 75.246 81.408 85.821 89.874 92.389 93.701 94.039 92.541 89.792 86.009 80.429 74.429 70.719 66.881 64.427 63.973 64.756 66.546 69.31 71.512 72.749 72.993 71.473 70.305 70.865 71.041 68.637 64.839 60.866 56.137 52.705 50.461 48.454 47.271 46.332 46.163 46.96 47.933 48.055 46.454 44.454 43.244 41.481 40.278 40.041 40.034 39.271 39.068 39.068 39.068 39.068 39.858 40.068 40.858
89.256 82.315 80.244 79.271 75.171 69.341 64.854 63.183 63.702 64.661 66.417 70.727 76.476 83.259 87.942 91.193 94.227 95.681 94.398 90.947 87.792 83.273 79.077 74.26 69.99 66.766 66.029 65.946 65.932 65.959 67.546 70.336 74.073 75.688 75.135 71.825 68.683 68.095 68.102 68.021 65.603 61.042 56.049 52.63 51.946 50.352 48.379 47.176 45.439 43.534 43.163 43.933 44.846 44.98 43.413 40.656 39.244 39.034 39.034 38.244 38.034 38.034 38.034 38.034 38.061 38.831 39.061
86.153 82.617 79.649 76.717 72.151 67.888 65.4 65.702 66.688 68.451 71.971 78.273 85.232 89.172 89.937 90.047 91.675 92.892 90.758 85.449 81.07 77.814 74.009 70.746 67.705 65.461 65.034 65.797 66.763 66.966 67.783 71.134 75.89 77.722 77.142 73.771 69.798 67.439 67.034 66.271 65.224 61.049 55.286 53.19 52.966 52.149 51.115 50.108 47.554 45.352 44.169 43.23 43.061 44.595 44.183 42.359 40.379 39.203 38.237 38.007 37.237 37.034 37.034 37.034 37.034 37.061 37.068
84.475 82.427 78.866 74.137 69.915 67.434 67.71 68.688 71.978 75.14 80.449 87.225 91.172 91.147 89.439 87.507 87.156 87.96 85.036 78.7 74.841 73.36 71.502 69.461 67.427 66.183 65.203 65.79 67.553 67.966 67.993 71.924 76.153 78.553 78.176 76.332 71.974 68.588 67.203 66.21 64.447 60.847 55.259 54.736 54.932 53.379 52.939 52.142 48.798 46.386 45.939 44.379 42.439 42.088 43.602 43.183 42.912 41.345 39.379 38.203 37.21 36.237 36.034 36.034 36.034 36.034 36.034
