app/src/main/assets/5.asc
ncols 437
nrows 421
xllcorner 622850.710
yllcorner 3613861.560
cellsize 30
nodata_value -9999.0
[rows 270 to 299 of 421, columns 68 to 135 of 437]
-9999.0 -9999.0 -9999.0 -9999.0 -9999.0 -9999.0 -9999.0 -9999.0 -9999.0 -9999.0 -9999.0 -9999.0 -9999.0 -9999.0 -9999.0 -9999.0 -9999.0 -9999.0 -9999.0 -9999.0 -9999.0 -9999.0 -9999.0 -9999.0 -9999.0 -9999.0 -9999.0 -9999.0 -9999.0 -9999.0 -9999.0 -9999.0 96.453 95.453 94.588 93.706 92.706 91.306 89.959 89.094 88.212 87.212 85.812 83.93 81.93 80.329 79.611 79.494 79.629 80.147 80.494 80.629 81.147 81.629 81.747 81.747 81.212 79.812 78.065 76.583 75.465 75.135 76.188 78.87 81.835 82.871 81.289 79.206
-9999.0 -9999.0 -9999.0 -9999.0 -9999.0 -9999.0 -9999.0 -9999.0 -9999.0 -9999.0 -9999.0 -9999.0 -9999.0 -9999.0 -9999.0 -9999.0 -9999.0 -9999.0 -9999.0 -9999.0 -9999.0 -9999.0 -9999.0 -9999.0 -9999.0 -9999.0 -9999.0 -9999.0 -9999.0 -9999.0 -9999.0 -9999.0 92.706 91.706 91.241 90.706 89.841 89.094 88.212 87.747 87.347 86.465 85.329 83.812 81.794 79.812 78.465 78 78.4 78.611 78.494 79.029 79.494 80.029 80.629 80.747 80.347 79.465 78.465 77.065 75.718 75.653 76.535 77.935 80.752 83.835 84.336 82.289
-9999.0 -9999.0 -9999.0 -9999.0 -9999.0 -9999.0 -9999.0 -9999.0 -9999.0 -9999.0 -9999.0 -9999.0 -9999.0 -9999.0 -9999.0 -9999.0 -9999.0 -9999.0 -9999.0 -9999.0 -9999.0 -9999.0 -9999.0 -9999.0 -9999.0 -9999.0 -9999.0 -9999.0 -9999.0 -9999.0 -9999.0 -9999.0 89.706 88.841 88.358 87.841 87.494 87.494 86.959 86.494 86.494 86.094 84.677 83.212 81.277 79.465 78.465 78 77.865 77.212 76.747 77.147 77.494 78.029 79.164 79.747 79.747 79.347 78.465 77.6 76.718 76.253 76.788 77.788 79.588 82.887 85.417 85.336
-9999.0 -9999.0 -9999.0 -9999.0 -9999.0 -9999.0 -9999.0 -9999.0 -9999.0 -9999.0 -9999.0 -9999.0 -9999.0 -9999.0 -9999.0 -9999.0 -9999.0 -9999.0 -9999.0 -9999.0 -9999.0 -9999.0 -9999.0 -9999.0 -9999.0 -9999.0 -9999.0 -9999.0 -9999.0 -9999.0 -9999.0 -9999.0 87.212 86.611 86.094 85.611 85.494 85.494 84.959 84.494 84.494 84.494 83.559 82.212 80.812 79.465 78.465 77.865 77.212 76.347 75.865 75.747 75.747 76.282 77.682 78.629 78.882 79 78.6 78.253 77.718 77.253 77.788 78.788 79.788 82.123 84.817 86.553
-9999.0 -9999.0 -9999.0 -9999.0 -9999.0 -9999.0 -9999.0 -9999.0 -9999.0 -9999.0 -9999.0 -9999.0 -9999.0 -9999.0 -9999.0 -9999.0 -9999.0 -9999.0 -9999.0 -9999.0 -9999.0 -9999.0 -9999.0 -9999.0 -9999.0 -9999.0 -9999.0 -9999.0 -9999.0 -9999.0 -9999.0 -9999.0 85.959 85.094 84.611 84.094 83.611 83.494 82.959 82.494 82.494 82.494 82.094 81.347 80.465 79.465 78.6 77.583 76.465 75.865 75.347 75 75 75.535 76.535 77.535 78.535 79 79 79 78.6 78.253 78.788 79.924 81.041 82.306 83.935 86.352
-9999.0 -9999.0 -9999.0 -9999.0 -9999.0 -9999.0 -9999.0 -9999.0 -9999.0 -9999.0 -9999.0 -9999.0 -9999.0 -9999.0 -9999.0 -9999.0 -9999.0 -9999.0 -9999.0 -9999.0 -9999.0 -9999.0 -9999.0 -9999.0 -9999.0 -9999.0 -9999.0 -9999.0 -9999.0 -9999.0 -9999.0 -9999.0 84.212 83.611 83.094 82.747 82.212 81.747 81.212 80.747 80.747 80.611 80.494 80.494 80.094 79.347 79 78.065 76.718 75.718 75.118 75 75.135 75.653 76.535 77.535 78.535 79 79 79 79 79.135 79.788 81.323 82.788 83.389 84.041 85.841
-9999.0 -9999.0 -9999.0 -9999.0 -9999.0 -9999.0 -9999.0 -9999.0 -9999.0 -9999.0 -9999.0 -9999.0 -9999.0 -9999.0 -9999.0 -9999.0 -9999.0 -9999.0 -9999.0 -9999.0 -9999.0 -9999.0 -9999.0 -9999.0 -9999.0 -9999.0 -9999.0 -9999.0 -9999.0 -9999.0 -9999.0 -9999.0 83.212 82.347 82 81.865 81.212 80.747 80.212 79.747 79.611 79.094 78.747 78.747 78.882 79 79 78.6 77.718 76.718 75.718 75.253 75.653 76.135 76.788 77.788 78.653 79 79 79 79 79.535 80.671 82.323 83.788 84.924 86.041 86.906
-9999.0 -9999.0 -9999.0 -9999.0 -9999.0 -9999.0 -9999.0 -9999.0 -9999.0 -9999.0 -9999.0 -9999.0 -9999.0 -9999.0 -9999.0 -9999.0 -9999.0 -9999.0 -9999.0 -9999.0 -9999.0 -9999.0 -9999.0 -9999.0 -9999.0 -9999.0 -9999.0 -9999.0 -9999.0 -9999.0 -9999.0 -9999.0 82.094 81.747 81.747 81.347 80.465 79.865 79.212 78.747 78.212 77.747 77.747 77.747 78.282 78.882 79 79.135 78.718 77.853 76.836 76.253 76.389 76.906 77.788 78.653 79 79 79 79 79.135 79.788 81.188 83.07 84.806 86.576 88.041 88.642
-9999.0 -9999.0 -9999.0 -9999.0 -9999.0 -9999.0 -9999.0 -9999.0 -9999.0 -9999.0 -9999.0 -9999.0 -9999.0 -9999.0 -9999.0 -9999.0 -9999.0 -9999.0 -9999.0 -9999.0 -9999.0 -9999.0 -9999.0 -9999.0 -9999.0 -9999.0 -9999.0 -9999.0 -9999.0 -9999.0 -9999.0 -9999.0 80.241 80.376 80.629 80.882 80.465 79.465 78.465 78 77.465 77 77 77 77.4 78.282 78.882 79.535 79.6 79.118 78.065 77.253 77.788 78.389 78.906 79.253 79.389 79.506 79.371 79.253 79.653 80.535 81.671 83.323 85.858 88.323 89.924 91.041
-9999.0 -9999.0 -9999.0 -9999.0 -9999.0 -9999.0 -9999.0 -9999.0 -9999.0 -9999.0 -9999.0 -9999.0 -9999.0 -9999.0 -9999.0 -9999.0 -9999.0 -9999.0 -9999.0 -9999.0 -9999.0 -9999.0 -9999.0 -9999.0 -9999.0 -9999.0 -9999.0 -9999.0 -9999.0 -9999.0 -9999.0 -9999.0 77.494 78.164 79.282 80.282 80.347 79.465 78.465 77.865 77.347 77 77 77 77 77.535 78.535 79.4 79.747 79.347 78.6 78.253 78.788 79.788 80.253 80.253 80.788 81.253 80.853 80.506 80.506 80.906 82.323 84.323 86.994 89.576 91.441 92.924
-9999.0 -9999.0 -9999.0 -9999.0 -9999.0 -9999.0 -9999.0 -9999.0 -9999.0 -9999.0 -9999.0 -9999.0 -9999.0 -9999.0 -9999.0 -9999.0 -9999.0 -9999.0 -9999.0 -9999.0 -9999.0 -9999.0 -9999.0 -9999.0 -9999.0 -9999.0 -9999.0 -9999.0 -9999.0 -9999.0 -9999.0 -9999.0 75.629 76.682 78.164 79.282 79.747 79.347 78.465 77.465 77 76.865 76.747 76.747 76.747 77.282 78.282 78.747 78.747 78.747 78.882 79 79.535 80.535 81.135 81.253 81.788 82.253 82.253 82.253 82.253 82.389 83.441 85.459 88.511 91.323 92.924 94.576
-9999.0 -9999.0 -9999.0 -9999.0 -9999.0 -9999.0 -9999.0 -9999.0 -9999.0 -9999.0 -9999.0 -9999.0 -9999.0 -9999.0 -9999.0 -9999.0 -9999.0 -9999.0 -9999.0 -9999.0 -9999.0 -9999.0 -9999.0 -9999.0 -9999.0 -9999.0 -9999.0 -9999.0 -9999.0 -9999.0 -9999.0 -9999.0 74.029 75.164 76.682 78.029 78.629 78.747 78.347 77.465 77 76.465 76 76 76 76.4 77.147 77.629 77.747 77.882 78.535 79 79.671 80.788 81.788 82.253 82.788 83.253 83.253 83.253 83.253 83.788 84.924 86.976 89.858 92.323 94.323 96.323
-9999.0 -9999.0 -9999.0 -9999.0 -9999.0 -9999.0 -9999.0 -9999.0 -9999.0 -9999.0 -9999.0 -9999.0 -9999.0 -9999.0 -9999.0 -9999.0 -9999.0 -9999.0 -9999.0 -9999.0 -9999.0 -9999.0 -9999.0 -9999.0 -9999.0 -9999.0 -9999.0 -9999.0 -9999.0 -9999.0 -9999.0 -9999.0 72.282 73.817 75.282 76.282 77.282 77.747 77.747 77.347 77 76.465 75.865 75.747 75.747 75.747 75.747 76.147 76.629 77.282 78.282 78.882 80.07 81.671 82.788 83.253 83.653 84.135 84.253 84.253 84.253 84.788 86.323 88.323 90.994 93.576 95.576 97.576
-9999.0 -9999.0 -9999.0 -9999.0 -9999.0 -9999.0 -9999.0 -9999.0 -9999.0 -9999.0 -9999.0 -9999.0 -9999.0 -9999.0 -9999.0 -9999.0 -9999.0 -9999.0 -9999.0 -9999.0 -9999.0 -9999.0 -9999.0 -9999.0 -9999.0 -9999.0 -9999.0 -9999.0 -9999.0 -9999.0 -9999.0 -9999.0 71.282 72.817 74.282 75.282 76.282 76.747 76.747 76.882 77 76.465 75.465 75 75 75 75 75 75.535 76.535 77.535 78.671 80.323 82.323 83.788 84.389 84.506 84.906 85.253 85.118 85.135 85.788 87.323 89.323 92.258 95.206 97.459 99.576
-9999.0 -9999.0 -9999.0 -9999.0 -9999.0 -9999.0 -9999.0 -9999.0 -9999.0 -9999.0 -9999.0 -9999.0 -9999.0 -9999.0 -9999.0 -9999.0 -9999.0 -9999.0 -9999.0 -9999.0 -9999.0 -9999.0 -9999.0 -9999.0 -9999.0 -9999.0 -9999.0 -9999.0 -9999.0 -9999.0 -9999.0 -9999.0 70.535 71.935 73.282 74.417 75.4 75.882 76.135 76.653 77 76.6 75.853 75.371 75.118 75 75 75.135 75.788 76.788 77.788 79.459 81.576 83.441 84.924 86.041 86.506 86.506 86.371 85.853 85.906 86.788 88.323 90.323 92.858 95.858 98.994 101.712
-9999.0 -9999.0 -9999.0 -9999.0 -9999.0 -9999.0 -9999.0 -9999.0 -9999.0 -9999.0 -9999.0 -9999.0 -9999.0 -9999.0 -9999.0 -9999.0 -9999.0 -9999.0 -9999.0 -9999.0 -9999.0 -9999.0 -9999.0 -9999.0 -9999.0 -9999.0 -9999.0 -9999.0 -9999.0 -9999.0 -9999.0 -9999.0 70.653 71.535 72.535 74.07 75.135 75.788 76.788 77.389 77.506 77.506 77.506 76.836 75.853 75.506 75.506 76.041 76.906 77.788 78.924 81.111 83.576 85.177 86.829 88.294 88.759 88.624 87.971 87.506 87.371 87.788 89.323 91.323 93.994 97.111 100.647 104.247
-9999.0 -9999.0 -9999.0 -9999.0 -9999.0 -9999.0 -9999.0 -9999.0 -9999.0 -9999.0 -9999.0 -9999.0 -9999.0 -9999.0 -9999.0 -9999.0 -9999.0 -9999.0 -9999.0 -9999.0 -9999.0 -9999.0 -9999.0 -9999.0 -9999.0 -9999.0 -9999.0 -9999.0 -9999.0 -9999.0 -9999.0 -9999.0 71.389 71.906 72.788 74.323 75.788 76.788 77.788 78.924 79.506 79.506 79.506 78.571 77.624 77.506 77.642 78.159 78.642 79.294 80.829 83.365 85.965 88.083 89.947 91.294 91.759 91.224 90.224 89.488 88.853 88.906 90.323 92.459 95.647 99.111 102.782 106.764
-9999.0 -9999.0 -9999.0 -9999.0 -9999.0 -9999.0 -9999.0 -9999.0 -9999.0 -9999.0 -9999.0 -9999.0 -9999.0 -9999.0 -9999.0 -9999.0 -9999.0 -9999.0 -9999.0 -9999.0 -9999.0 -9999.0 -9999.0 -9999.0 -9999.0 -9999.0 -9999.0 -9999.0 -9999.0 -9999.0 -9999.0 -9999.0 73.041 73.642 74.294 75.559 76.924 78.041 79.041 80.576 81.642 81.759 81.759 81.224 80.36 80.012 80.412 80.895 81.547 82.547 84.218 86.871 89.735 92.218 93.801 94.801 95.13 94.342 93.224 91.689 90.624 90.506 91.576 94.111 97.647 101.111 105.182 109.247
-9999.0 -9999.0 -9999.0 -9999.0 -9999.0 -9999.0 -9999.0 -9999.0 -9999.0 -9999.0 -9999.0 -9999.0 -9999.0 -9999.0 -9999.0 -9999.0 -9999.0 -9999.0 -9999.0 -9999.0 -9999.0 -9999.0 -9999.0 -9999.0 -9999.0 -9999.0 -9999.0 -9999.0 -9999.0 -9999.0 -9999.0 -9999.0 75.294 76.294 77.294 77.895 78.947 80.294 81.294 82.694 84.041 84.642 84.759 84.36 83.877 83.759 83.759 84.43 85.547 86.683 88.871 92.006 94.589 96.988 98.801 99.665 99.477 97.942 96.342 94.689 93.224 92.759 93.829 96.229 99.511 102.994 107.182 111.647
-9999.0 -9999.0 -9999.0 -9999.0 -9999.0 -9999.0 -9999.0 -9999.0 -9999.0 -9999.0 -9999.0 -9999.0 -9999.0 -9999.0 -9999.0 -9999.0 -9999.0 -9999.0 -9999.0 -9999.0 -9999.0 -9999.0 -9999.0 -9999.0 -9999.0 -9999.0 -9999.0 -9999.0 -9999.0 -9999.0 -9999.0 -9999.0 78.312 79.683 80.801 81.665 82.547 83.412 84.159 85.041 86.041 87.041 87.506 87.506 87.107 86.759 86.759 87.829 89.43 91.218 94.006 97.524 100.471 102.589 104.054 104.383 103.73 102.195 100.195 98.195 96.595 96.012 96.947 98.829 101.365 104.9 109.299 113.647
-9999.0 -9999.0 -9999.0 -9999.0 -9999.0 -9999.0 -9999.0 -9999.0 -9999.0 -9999.0 -9999.0 -9999.0 -9999.0 -9999.0 -9999.0 -9999.0 -9999.0 -9999.0 -9999.0 -9999.0 -9999.0 -9999.0 -9999.0 -9999.0 -9999.0 -9999.0 -9999.0 -9999.0 -9999.0 -9999.0 -9999.0 -9999.0 81.482 83.965 85.547 86.012 86.412 86.759 86.759 87.159 88.041 88.906 89.253 89.253 89.253 89.253 89.524 90.965 93.218 95.871 99.406 103.006 106.124 108.589 110.189 110.237 109.237 107.566 105.448 103.448 101.448 100.383 100.801 102.2 104.618 108.017 111.9 116.035
-9999.0 -9999.0 -9999.0 -9999.0 -9999.0 -9999.0 -9999.0 -9999.0 -9999.0 -9999.0 -9999.0 -9999.0 -9999.0 -9999.0 -9999.0 -9999.0 -9999.0 -9999.0 -9999.0 -9999.0 -9999.0 -9999.0 -9999.0 -9999.0 -9999.0 -9999.0 -9999.0 -9999.0 -9999.0 -9999.0 -9999.0 -9999.0 84.965 87.482 89.43 90.012 90.012 89.877 89.624 89.506 89.906 90.253 90.253 90.253 90.253 90.389 91.576 94.247 97.5 100.889 104.524 108.541 112.124 114.724 116.842 117.237 116.237 114.302 111.819 109.701 107.701 106.101 105.918 106.801 108.871 111.871 115.406 119.806
-9999.0 -9999.0 -9999.0 -9999.0 -9999.0 -9999.0 -9999.0 -9999.0 -9999.0 -9999.0 -9999.0 -9999.0 -9999.0 -9999.0 -9999.0 -9999.0 -9999.0 -9999.0 -9999.0 -9999.0 -9999.0 -9999.0 -9999.0 -9999.0 -9999.0 -9999.0 -9999.0 -9999.0 -9999.0 -9999.0 -9999.0 -9999.0 88.365 90.829 92.829 93.759 93.759 93.224 92.224 91.624 91.371 91.118 91 91 91.135 91.788 93.459 96.647 100.782 105.435 109.635 113.941 117.871 121.142 123.842 124.372 123.49 121.955 119.555 117.072 114.819 112.837 111.889 112.307 114.242 117.124 120.659 124.524
-9999.0 -9999.0 -9999.0 -9999.0 -9999.0 -9999.0 -9999.0 -9999.0 -9999.0 -9999.0 -9999.0 -9999.0 -9999.0 -9999.0 -9999.0 -9999.0 -9999.0 -9999.0 -9999.0 -9999.0 -9999.0 -9999.0 -9999.0 -9999.0 -9999.0 -9999.0 -9999.0 -9999.0 -9999.0 -9999.0 -9999.0 -9999.0 91.111 93.576 95.441 96.389 96.506 95.971 94.971 93.836 92.718 91.718 91.253 91.253 91.788 92.924 95.111 98.782 103.435 108.435 113.57 118.688 122.889 127.194 130.724 131.907 131.625 130.208 128.072 125.419 122.419 120.354 119.237 119.307 120.842 123.242 126.524 129.871
-9999.0 -9999.0 -9999.0 -9999.0 -9999.0 -9999.0 -9999.0 -9999.0 -9999.0 -9999.0 -9999.0 -9999.0 -9999.0 -9999.0 -9999.0 -9999.0 -9999.0 -9999.0 -9999.0 -9999.0 -9999.0 -9999.0 -9999.0 -9999.0 -9999.0 -9999.0 -9999.0 -9999.0 -9999.0 -9999.0 -9999.0 -9999.0 92.858 95.323 96.788 97.788 98.253 97.718 96.718 95.183 93.718 92.718 92.253 92.253 92.924 94.576 97.111 101.182 106.317 111.435 116.97 122.435 127.706 133.076 137.259 139.442 139.889 138.701 136.166 133.166 130.302 127.955 126.354 126.171 127.589 129.724 132.242 134.853
-9999.0 -9999.0 -9999.0 -9999.0 -9999.0 -9999.0 -9999.0 -9999.0 -9999.0 -9999.0 -9999.0 -9999.0 -9999.0 -9999.0 -9999.0 -9999.0 -9999.0 -9999.0 -9999.0 -9999.0 -9999.0 -9999.0 -9999.0 -9999.0 -9999.0 -9999.0 -9999.0 -9999.0 -9999.0 -9999.0 -9999.0 -9999.0 94.111 96.576 98.041 99.041 99.506 98.971 97.971 96.436 94.836 93.718 93.253 93.389 94.441 96.459 99.111 103.182 108.581 114.064 119.581 125.335 131.758 138.223 143.288 146.336 146.866 145.448 142.913 140.049 137.566 135.448 133.584 132.636 133.453 135.871 138.2 139.412
-9999.0 -9999.0 -9999.0 -9999.0 -9999.0 -9999.0 -9999.0 -9999.0 -9999.0 -9999.0 -9999.0 -9999.0 -9999.0 -9999.0 -9999.0 -9999.0 -9999.0 -9999.0 -9999.0 -9999.0 -9999.0 -9999.0 -9999.0 -9999.0 -9999.0 -9999.0 -9999.0 -9999.0 -9999.0 -9999.0 -9999.0 -9999.0 96.111 98.712 100.294 101.294 101.759 101.224 100.089 98.436 96.436 94.971 94.371 94.788 95.788 97.858 100.858 105.064 110.182 115.717 121.317 127.905 135.387 142.105 147.823 151.336 152.265 151.331 148.913 146.448 144.049 141.566 139.983 138.983 139.054 140.853 142.412 142.759
-9999.0 -9999.0 -9999.0 -9999.0 -9999.0 -9999.0 -9999.0 -9999.0 -9999.0 -9999.0 -9999.0 -9999.0 -9999.0 -9999.0 -9999.0 -9999.0 -9999.0 -9999.0 -9999.0 -9999.0 -9999.0 -9999.0 -9999.0 -9999.0 -9999.0 -9999.0 -9999.0 -9999.0 -9999.0 -9999.0 -9999.0 -9999.0 97.741 100.858 103.059 104.294 104.895 104.613 103.195 101.06 98.942 97.206 95.836 95.653 96.671 98.858 101.858 106.464 112.064 117.581 123.599 130.387 138.04 145.505 151.97 156.1 157.401 156.848 154.931 152.701 150.566 148.049 146.237 145.237 145.171 145.918 146.13 145.877
-9999.0 -9999.0 -9999.0 -9999.0 -9999.0 -9999.0 -9999.0 -9999.0 -9999.0 -9999.0 -9999.0 -9999.0 -9999.0 -9999.0 -9999.0 -9999.0 -9999.0 -9999.0 -9999.0 -9999.0 -9999.0 -9999.0 -9999.0 -9999.0 -9999.0 -9999.0 -9999.0 -9999.0 -9999.0 -9999.0 -9999.0 -9999.0 98.14 101.605 104.741 107.194 108.547 109.012 108.078 105.525 102.807 100.019 97.436 96.371 97.188 99.605 102.741 107.464 113.599 119.182 125.252 132.787 140.787 148.387 154.97 160.035 162.683 162.331 160.983 159.584 157.166 154.701 153.237 152.101 151.519 151.383 150.73 149.595
-9999.0 -9999.0 -9999.0 -9999.0 -9999.0 -9999.0 -9999.0 -9999.0 -9999.0 -9999.0 -9999.0 -9999.0 -9999.0 -9999.0 -9999.0 -9999.0 -9999.0 -9999.0 -9999.0 -9999.0 -9999.0 -9999.0 -9999.0 -9999.0 -9999.0 -9999.0 -9999.0 -9999.0 -9999.0 -9999.0 -9999.0 -9999.0 97.77 101.488 105.411 109.647 112.312 113.012 112.477 109.872 106.272 102.483 99.436 97.836 97.788 99.858 103.529 108.717 115.116 121.064 127.252 134.652 142.534 150.669 157.852 163.435 166.829 167.495 166.73 165.73 163.796 161.448 159.983 158.448 157.383 156.595 155.477 154.078
