app/src/main/assets/5.asc
ncols 437
nrows 421
xllcorner 622850.710
yllcorner 3613861.560
cellsize 30
nodata_value -9999.0
[rows 210 to 239 of 421, columns 68 to 135 of 437]
-9999.0 -9999.0 -9999.0 -9999.0 -9999.0 -9999.0 -9999.0 -9999.0 -9999.0 -9999.0 -9999.0 -9999.0 -9999.0 -9999.0 -9999.0 -9999.0 -9999.0 -9999.0 -9999.0 -9999.0 -9999.0 -9999.0 -9999.0 -9999.0 -9999.0 -9999.0 -9999.0 -9999.0 -9999.0 -9999.0 -9999.0 -9999.0 87.212 85.812 83.93 83 83.135 83.788 84.524 85.294 86.559 88.188 89.935 92.616 95.311 96.776 97.776 98.241 97.97 96.129 93.4 93.311 95.717 97.671 97.853 96.836 95.718 95.253 95.253 95.253 94.718 93.718 92.982 92.747 92.882 93.4 93.882 94.4
-9999.0 -9999.0 -9999.0 -9999.0 -9999.0 -9999.0 -9999.0 -9999.0 -9999.0 -9999.0 -9999.0 -9999.0 -9999.0 -9999.0 -9999.0 -9999.0 -9999.0 -9999.0 -9999.0 -9999.0 -9999.0 -9999.0 -9999.0 -9999.0 -9999.0 -9999.0 -9999.0 -9999.0 -9999.0 -9999.0 -9999.0 -9999.0 86.094 85.212 83.948 83.253 83.924 85.041 86.576 88.041 88.642 89.159 89.906 91.188 92.935 94.282 95.282 95.611 94.424 92.024 90.212 90.682 93.898 97.329 98.765 98.201 96.836 96.253 96.389 96.371 95.718 94.718 93.318 92.371 92.653 93 93.535 94
-9999.0 -9999.0 -9999.0 -9999.0 -9999.0 -9999.0 -9999.0 -9999.0 -9999.0 -9999.0 -9999.0 -9999.0 -9999.0 -9999.0 -9999.0 -9999.0 -9999.0 -9999.0 -9999.0 -9999.0 -9999.0 -9999.0 -9999.0 -9999.0 -9999.0 -9999.0 -9999.0 -9999.0 -9999.0 -9999.0 -9999.0 -9999.0 84.747 84.347 84 84.135 85.323 86.924 88.576 90.041 90.906 91.118 91 91.4 92.282 93.282 94.417 94.6 93.318 91.436 89.971 89.906 91.588 94.616 97.446 98.765 98.065 97.253 97.653 97.6 96.853 95.971 94.971 93.971 93.371 93.253 93.653 94
-9999.0 -9999.0 -9999.0 -9999.0 -9999.0 -9999.0 -9999.0 -9999.0 -9999.0 -9999.0 -9999.0 -9999.0 -9999.0 -9999.0 -9999.0 -9999.0 -9999.0 -9999.0 -9999.0 -9999.0 -9999.0 -9999.0 -9999.0 -9999.0 -9999.0 -9999.0 -9999.0 -9999.0 -9999.0 -9999.0 -9999.0 -9999.0 84 84 84.135 84.924 86.576 88.576 90.441 91.653 92 91.465 90.865 90.882 91.4 92.417 94.07 95.135 94.853 93.571 92.224 91.624 91.906 93.188 95.47 97.953 98.736 98.371 98.118 98 98 97.6 96.718 95.718 94.718 94.253 94.118 94
-9999.0 -9999.0 -9999.0 -9999.0 -9999.0 -9999.0 -9999.0 -9999.0 -9999.0 -9999.0 -9999.0 -9999.0 -9999.0 -9999.0 -9999.0 -9999.0 -9999.0 -9999.0 -9999.0 -9999.0 -9999.0 -9999.0 -9999.0 -9999.0 -9999.0 -9999.0 -9999.0 -9999.0 -9999.0 -9999.0 -9999.0 -9999.0 84 84.135 84.788 86.323 88.323 90.188 91.535 92 91.865 91.212 90.212 90.282 90.882 92.07 94.206 95.788 96.389 95.971 94.971 93.971 93.506 93.906 95.188 97.334 99.3 99.465 98.465 97.865 97.747 97.747 97.347 96.465 95.6 95.118 94.465 94
-9999.0 -9999.0 -9999.0 -9999.0 -9999.0 -9999.0 -9999.0 -9999.0 -9999.0 -9999.0 -9999.0 -9999.0 -9999.0 -9999.0 -9999.0 -9999.0 -9999.0 -9999.0 -9999.0 -9999.0 -9999.0 -9999.0 -9999.0 -9999.0 -9999.0 -9999.0 -9999.0 -9999.0 -9999.0 -9999.0 -9999.0 -9999.0 84.135 84.788 85.788 87.323 89.323 90.653 91.4 91.747 91.347 90.465 89.465 89.535 90.535 92.206 94.858 96.788 97.788 97.718 96.853 95.971 95.371 95.118 95.535 96.4 98.217 99.365 98.447 97.076 96.494 96.494 96.494 96.094 95.747 95.212 94.212 93.882
-9999.0 -9999.0 -9999.0 -9999.0 -9999.0 -9999.0 -9999.0 -9999.0 -9999.0 -9999.0 -9999.0 -9999.0 -9999.0 -9999.0 -9999.0 -9999.0 -9999.0 -9999.0 -9999.0 -9999.0 -9999.0 -9999.0 -9999.0 -9999.0 -9999.0 -9999.0 -9999.0 -9999.0 -9999.0 -9999.0 -9999.0 -9999.0 84.535 85.671 86.788 88.323 90.323 91.253 91.253 91.118 91 90.465 89.6 89.788 90.788 92.723 95.605 97.535 98.535 98.465 98 97.465 96.465 95.6 95.653 96 97.07 99.07 98.395 95.659 94.358 94.241 94.376 94.494 94.494 94.094 93.347 93.4
-9999.0 -9999.0 -9999.0 -9999.0 -9999.0 -9999.0 -9999.0 -9999.0 -9999.0 -9999.0 -9999.0 -9999.0 -9999.0 -9999.0 -9999.0 -9999.0 -9999.0 -9999.0 -9999.0 -9999.0 -9999.0 -9999.0 -9999.0 -9999.0 -9999.0 -9999.0 -9999.0 -9999.0 -9999.0 -9999.0 -9999.0 -9999.0 84.417 86.07 87.671 89.188 91.07 92.135 92.253 91.718 91.118 90.6 90.253 90.788 91.788 93.188 95.334 97.164 98.147 98.094 97.747 97.347 96.6 96.389 96.506 96.506 97.441 99.188 98.395 94.724 92.212 91.747 92.282 92.747 92.611 92.494 92.494 92.494
-9999.0 -9999.0 -9999.0 -9999.0 -9999.0 -9999.0 -9999.0 -9999.0 -9999.0 -9999.0 -9999.0 -9999.0 -9999.0 -9999.0 -9999.0 -9999.0 -9999.0 -9999.0 -9999.0 -9999.0 -9999.0 -9999.0 -9999.0 -9999.0 -9999.0 -9999.0 -9999.0 -9999.0 -9999.0 -9999.0 -9999.0 -9999.0 84.07 86.07 88.07 89.671 91.188 92.535 93 92.6 91.853 91.506 91.506 91.906 92.788 93.653 94.264 95.293 95.988 95.988 96.123 96.512 96.882 97.671 98.389 98.506 99.041 100.041 98.765 94.578 91.583 91 91.4 91.611 91.094 90.611 90.494 90.494
-9999.0 -9999.0 -9999.0 -9999.0 -9999.0 -9999.0 -9999.0 -9999.0 -9999.0 -9999.0 -9999.0 -9999.0 -9999.0 -9999.0 -9999.0 -9999.0 -9999.0 -9999.0 -9999.0 -9999.0 -9999.0 -9999.0 -9999.0 -9999.0 -9999.0 -9999.0 -9999.0 -9999.0 -9999.0 -9999.0 -9999.0 -9999.0 83.953 85.935 87.817 89.817 91.417 92.535 93.135 93.253 93.253 93.389 93.506 93.371 93.653 93.865 93.212 92.476 92.241 92.376 93.029 94.699 96.553 98.459 100.041 100.506 101.041 102.041 100.366 95.831 92.436 91.371 91.118 90.465 89.865 89.212 88.611 88.494
-9999.0 -9999.0 -9999.0 -9999.0 -9999.0 -9999.0 -9999.0 -9999.0 -9999.0 -9999.0 -9999.0 -9999.0 -9999.0 -9999.0 -9999.0 -9999.0 -9999.0 -9999.0 -9999.0 -9999.0 -9999.0 -9999.0 -9999.0 -9999.0 -9999.0 -9999.0 -9999.0 -9999.0 -9999.0 -9999.0 -9999.0 -9999.0 83.217 85.164 86.817 88.817 90.817 92.282 93.282 93.882 94.135 94.653 95 94.465 93.865 93.212 92.076 90.559 89.611 90.029 91.164 93.352 96.623 99.858 101.924 102.506 103.041 104.041 102.501 97.948 94.436 92.971 91.836 90.718 89.583 88.329 87.347 87
-9999.0 -9999.0 -9999.0 -9999.0 -9999.0 -9999.0 -9999.0 -9999.0 -9999.0 -9999.0 -9999.0 -9999.0 -9999.0 -9999.0 -9999.0 -9999.0 -9999.0 -9999.0 -9999.0 -9999.0 -9999.0 -9999.0 -9999.0 -9999.0 -9999.0 -9999.0 -9999.0 -9999.0 -9999.0 -9999.0 -9999.0 -9999.0 81.564 83.564 85.564 87.699 89.817 91.282 92.282 93.282 94.282 94.747 94.747 94.212 93.347 92.465 90.93 89.465 88.465 88.4 89.817 92.623 96.793 100.876 103.576 104.371 104.653 105.535 104.53 100.043 96.183 94.583 93.065 91.718 90.047 88.065 87.118 87
-9999.0 -9999.0 -9999.0 -9999.0 -9999.0 -9999.0 -9999.0 -9999.0 -9999.0 -9999.0 -9999.0 -9999.0 -9999.0 -9999.0 -9999.0 -9999.0 -9999.0 -9999.0 -9999.0 -9999.0 -9999.0 -9999.0 -9999.0 -9999.0 -9999.0 -9999.0 -9999.0 -9999.0 -9999.0 -9999.0 -9999.0 -9999.0 79.564 81.699 83.817 86.352 88.817 90.282 91.282 92.282 93.282 93.747 93.747 93.347 93 92.6 91.318 89.836 88.718 88.253 89.323 92.929 97.393 101.793 105.07 105.465 104.594 104.505 103.935 100.436 96.794 94.812 93.465 92.465 90.53 88.583 87.465 87
-9999.0 -9999.0 -9999.0 -9999.0 -9999.0 -9999.0 -9999.0 -9999.0 -9999.0 -9999.0 -9999.0 -9999.0 -9999.0 -9999.0 -9999.0 -9999.0 -9999.0 -9999.0 -9999.0 -9999.0 -9999.0 -9999.0 -9999.0 -9999.0 -9999.0 -9999.0 -9999.0 -9999.0 -9999.0 -9999.0 -9999.0 -9999.0 77.699 80.352 82.953 85.605 87.935 89.282 90.282 91.282 92.282 92.747 92.882 93 93.135 93.253 92.718 91.183 89.853 89.506 90.441 93.929 98.258 102.005 104.682 104.823 102.5 100.317 100.005 98.771 95.889 93.959 93.094 92.212 90.812 88.93 87.6 87.253
-9999.0 -9999.0 -9999.0 -9999.0 -9999.0 -9999.0 -9999.0 -9999.0 -9999.0 -9999.0 -9999.0 -9999.0 -9999.0 -9999.0 -9999.0 -9999.0 -9999.0 -9999.0 -9999.0 -9999.0 -9999.0 -9999.0 -9999.0 -9999.0 -9999.0 -9999.0 -9999.0 -9999.0 -9999.0 -9999.0 -9999.0 -9999.0 76.605 79.605 82.605 85.47 87.417 88.4 89.282 90.282 91.282 91.747 92.282 92.882 93.535 94 93.6 92.183 91.253 91.253 91.788 94.658 98.352 101.081 102.64 101.782 98.594 95.8 96.058 96.053 93.635 91.976 91.747 91.212 90.212 88.812 88 88
-9999.0 -9999.0 -9999.0 -9999.0 -9999.0 -9999.0 -9999.0 -9999.0 -9999.0 -9999.0 -9999.0 -9999.0 -9999.0 -9999.0 -9999.0 -9999.0 -9999.0 -9999.0 -9999.0 -9999.0 -9999.0 -9999.0 -9999.0 -9999.0 -9999.0 -9999.0 -9999.0 -9999.0 -9999.0 -9999.0 -9999.0 -9999.0 76.858 79.858 82.858 85.188 86.935 87.882 88.4 89.282 90.282 90.747 91.282 92.282 93.282 93.747 93.747 92.812 92 91.865 92.282 94.217 96.964 98.776 99.105 97.382 93.847 91.453 92.058 92.588 90.771 90.029 90.494 90.094 89.212 88.347 88 88
-9999.0 -9999.0 -9999.0 -9999.0 -9999.0 -9999.0 -9999.0 -9999.0 -9999.0 -9999.0 -9999.0 -9999.0 -9999.0 -9999.0 -9999.0 -9999.0 -9999.0 -9999.0 -9999.0 -9999.0 -9999.0 -9999.0 -9999.0 -9999.0 -9999.0 -9999.0 -9999.0 -9999.0 -9999.0 -9999.0 -9999.0 -9999.0 77.976 80.858 83.723 85.535 86.535 87.4 87.882 88.4 89.282 89.747 90.282 91.147 92.164 92.747 92.747 92.076 91.494 90.959 91.029 92.429 94.175 95.523 95.453 93.518 90.236 88.094 88.817 89.611 88.559 88.147 88.629 88.747 88.347 88 88 88
-9999.0 -9999.0 -9999.0 -9999.0 -9999.0 -9999.0 -9999.0 -9999.0 -9999.0 -9999.0 -9999.0 -9999.0 -9999.0 -9999.0 -9999.0 -9999.0 -9999.0 -9999.0 -9999.0 -9999.0 -9999.0 -9999.0 -9999.0 -9999.0 -9999.0 -9999.0 -9999.0 -9999.0 -9999.0 -9999.0 -9999.0 -9999.0 79.323 81.858 84.188 85.535 86.4 86.747 87.282 87.747 88.282 88.747 89.147 89.494 90.429 91.241 91.241 90.306 89.358 88.841 88.893 89.776 90.776 91.776 91.706 90.306 88.159 87.271 88.441 88.583 87.465 87 87.4 87.882 88 88 88 88
-9999.0 -9999.0 -9999.0 -9999.0 -9999.0 -9999.0 -9999.0 -9999.0 -9999.0 -9999.0 -9999.0 -9999.0 -9999.0 -9999.0 -9999.0 -9999.0 -9999.0 -9999.0 -9999.0 -9999.0 -9999.0 -9999.0 -9999.0 -9999.0 -9999.0 -9999.0 -9999.0 -9999.0 -9999.0 -9999.0 -9999.0 -9999.0 80.323 82.723 84.535 85.4 85.882 86 86.4 86.747 87.147 87.494 87.494 87.494 87.893 88.241 88.241 87.841 86.959 86.494 86.629 87.147 88.029 89.029 88.959 88.094 87.483 88.594 90.159 89.301 87.583 87 87 87.535 88 88 88 88
-9999.0 -9999.0 -9999.0 -9999.0 -9999.0 -9999.0 -9999.0 -9999.0 -9999.0 -9999.0 -9999.0 -9999.0 -9999.0 -9999.0 -9999.0 -9999.0 -9999.0 -9999.0 -9999.0 -9999.0 -9999.0 -9999.0 -9999.0 -9999.0 -9999.0 -9999.0 -9999.0 -9999.0 -9999.0 -9999.0 -9999.0 -9999.0 81.323 83.188 84.4 84.882 85.4 85.747 85.747 85.882 85.865 85.747 85.611 85.494 85.494 85.494 85.494 85.494 85.094 84.747 85.147 85.629 86.282 87.147 87.094 86.882 87.671 90.393 92.389 90.765 88.183 87.253 87.253 87.653 88.135 88.253 88.118 88
-9999.0 -9999.0 -9999.0 -9999.0 -9999.0 -9999.0 -9999.0 -9999.0 -9999.0 -9999.0 -9999.0 -9999.0 -9999.0 -9999.0 -9999.0 -9999.0 -9999.0 -9999.0 -9999.0 -9999.0 -9999.0 -9999.0 -9999.0 -9999.0 -9999.0 -9999.0 -9999.0 -9999.0 -9999.0 -9999.0 -9999.0 -9999.0 82.188 83.535 84 84.4 84.747 84.747 84.747 85.282 85.347 84.865 84.347 83.865 83.747 83.747 83.747 83.747 83.747 83.747 83.747 84.282 85.147 85.494 85.765 86.4 87.953 91.276 93.788 92.113 89.318 88.371 88.253 88.253 88.653 89 88.465 88
-9999.0 -9999.0 -9999.0 -9999.0 -9999.0 -9999.0 -9999.0 -9999.0 -9999.0 -9999.0 -9999.0 -9999.0 -9999.0 -9999.0 -9999.0 -9999.0 -9999.0 -9999.0 -9999.0 -9999.0 -9999.0 -9999.0 -9999.0 -9999.0 -9999.0 -9999.0 -9999.0 -9999.0 -9999.0 -9999.0 -9999.0 -9999.0 82.788 83.653 84 83.865 83.747 83.747 83.747 84.282 84.747 84.347 84 83.465 83 83 83 83 83 83 83 83.264 83.629 83.882 84.935 85.882 87.605 91.675 94.671 93.248 90.836 89.583 89 88.865 88.747 88.747 88.347 88
-9999.0 -9999.0 -9999.0 -9999.0 -9999.0 -9999.0 -9999.0 -9999.0 -9999.0 -9999.0 -9999.0 -9999.0 -9999.0 -9999.0 -9999.0 -9999.0 -9999.0 -9999.0 -9999.0 -9999.0 -9999.0 -9999.0 -9999.0 -9999.0 -9999.0 -9999.0 -9999.0 -9999.0 -9999.0 -9999.0 -9999.0 -9999.0 83.653 84 84 83.465 82.865 82.747 82.747 83.282 83.882 84 84 83.6 83.118 83 83 83 83 83 82.865 82.347 82.535 83.4 84.282 85.282 87.352 91.287 94.699 94.412 92.047 90.065 89.118 88.465 87.865 87.747 87.747 87.747
-9999.0 -9999.0 -9999.0 -9999.0 -9999.0 -9999.0 -9999.0 -9999.0 -9999.0 -9999.0 -9999.0 -9999.0 -9999.0 -9999.0 -9999.0 -9999.0 -9999.0 -9999.0 -9999.0 -9999.0 -9999.0 -9999.0 -9999.0 -9999.0 -9999.0 -9999.0 -9999.0 -9999.0 -9999.0 -9999.0 -9999.0 -9999.0 84.253 84.118 84 83.465 82.465 82 82 82.4 83.282 83.882 84.135 84.118 83.465 82.865 82.747 82.882 82.865 82.747 82.347 82 82.535 83 83.535 84.535 86.47 89.752 93.235 94.347 92.395 90.465 89.465 88.465 87.465 87 87 87
-9999.0 -9999.0 -9999.0 -9999.0 -9999.0 -9999.0 -9999.0 -9999.0 -9999.0 -9999.0 -9999.0 -9999.0 -9999.0 -9999.0 -9999.0 -9999.0 -9999.0 -9999.0 -9999.0 -9999.0 -9999.0 -9999.0 -9999.0 -9999.0 -9999.0 -9999.0 -9999.0 -9999.0 -9999.0 -9999.0 -9999.0 -9999.0 85.118 84.6 84.118 83.465 82.6 81.982 81.747 81.882 82.535 83.535 84.4 84.347 83.465 82.465 82 82.4 82.347 82 82 82.135 82.653 83.135 83.653 84.535 86.07 88.605 92.14 93.865 92.142 90.212 89.212 88.212 87.212 86.882 87 87
-9999.0 -9999.0 -9999.0 -9999.0 -9999.0 -9999.0 -9999.0 -9999.0 -9999.0 -9999.0 -9999.0 -9999.0 -9999.0 -9999.0 -9999.0 -9999.0 -9999.0 -9999.0 -9999.0 -9999.0 -9999.0 -9999.0 -9999.0 -9999.0 -9999.0 -9999.0 -9999.0 -9999.0 -9999.0 -9999.0 -9999.0 -9999.0 85.465 85 84.465 83.465 83 81.93 81 81.4 82.147 83.029 83.494 83.629 83.212 82.212 81.747 81.882 82 82 82.135 82.653 83.135 83.788 84.253 84.788 86.323 88.858 92.123 93.212 91.142 89.212 88.212 87.212 86.347 86.4 86.882 87
-9999.0 -9999.0 -9999.0 -9999.0 -9999.0 -9999.0 -9999.0 -9999.0 -9999.0 -9999.0 -9999.0 -9999.0 -9999.0 -9999.0 -9999.0 -9999.0 -9999.0 -9999.0 -9999.0 -9999.0 -9999.0 -9999.0 -9999.0 -9999.0 -9999.0 -9999.0 -9999.0 -9999.0 -9999.0 -9999.0 -9999.0 -9999.0 85.347 84.865 84.347 83.465 82.865 81.812 80.865 80.747 80.747 81.282 81.747 82.282 82.212 81.347 81 81.535 82.135 82.253 82.653 83.135 83.653 84.535 85.135 85.788 87.323 89.858 92.323 92.447 90.142 88.212 87.212 86.212 85.747 85.882 86.4 86.882
-9999.0 -9999.0 -9999.0 -9999.0 -9999.0 -9999.0 -9999.0 -9999.0 -9999.0 -9999.0 -9999.0 -9999.0 -9999.0 -9999.0 -9999.0 -9999.0 -9999.0 -9999.0 -9999.0 -9999.0 -9999.0 -9999.0 -9999.0 -9999.0 -9999.0 -9999.0 -9999.0 -9999.0 -9999.0 -9999.0 -9999.0 -9999.0 84.747 84.212 83.611 83.094 82.212 81.347 80.465 79.865 79.747 80.282 80.747 81.282 81.347 81.135 81.253 81.788 82.653 83 83.135 83.653 84.135 84.788 85.788 86.788 88.323 90.994 93.306 92.259 89.277 87.329 86.212 85.347 85 85.4 85.882 86.535
-9999.0 -9999.0 -9999.0 -9999.0 -9999.0 -9999.0 -9999.0 -9999.0 -9999.0 -9999.0 -9999.0 -9999.0 -9999.0 -9999.0 -9999.0 -9999.0 -9999.0 -9999.0 -9999.0 -9999.0 -9999.0 -9999.0 -9999.0 -9999.0 -9999.0 -9999.0 -9999.0 -9999.0 -9999.0 -9999.0 -9999.0 -9999.0 83.747 83.212 82.212 81.747 81.347 80.865 80.212 79.347 79 79.4 80.018 80.788 81.389 81.906 82.389 83.041 83.506 83.371 83.653 84 84.535 85.535 86.535 87.535 89.07 92.14 94 91.86 88.93 86.93 85.465 84.865 84.747 84.747 85.282 86.282
-9999.0 -9999.0 -9999.0 -9999.0 -9999.0 -9999.0 -9999.0 -9999.0 -9999.0 -9999.0 -9999.0 -9999.0 -9999.0 -9999.0 -9999.0 -9999.0 -9999.0 -9999.0 -9999.0 -9999.0 -9999.0 -9999.0 -9999.0 -9999.0 -9999.0 -9999.0 -9999.0 -9999.0 -9999.0 -9999.0 -9999.0 -9999.0 82.611 81.959 81.094 80.747 80.747 80.347 79.465 79 79.135 79.253 80.323 81.788 82.788 83.389 84.041 84.906 85.253 84.853 84.371 84.253 84.653 85.535 86.671 87.653 89.07 92.14 93.865 91.742 88.93 86.93 85.465 84.465 84 84 84.4 85.282
