app/src/main/assets/5.asc
ncols 437
nrows 421
xllcorner 622850.710
yllcorner 3613861.560
cellsize 30
nodata_value -9999.0
[rows 240 to 269 of 421, columns 136 to 203 of 437]
85.535 86.535 88.07 89.535 90 90.4 90.747 90.747 90.747 91.282 91.747 92.147 92.494 92.765 93.535 94.535 95.535 96 95.865 95.212 94.747 94.212 93.611 93.494 93.758 93.852 93.47 92.441 91.882 92.135 92.653 94.47 97.488 98.465 97.465 97 97.535 98 98 98 98 98 98.4 98.882 99.4 100.282 101.282 102.282 103.282 104.682 105.094 104.212 103.212 101.677 99.812 98.329 97.212 96.212 94.677 92.677 91.212 90.747 90.212 89.747 89.347 89 88.6 88.389
85.282 86.417 88.07 89.535 90 90 89.865 89.747 89.747 90.147 90.494 90.629 90.882 91.935 93.417 94.535 95.4 95.747 95.347 94.465 93.865 93.212 92.212 91.611 90.959 90.094 90.282 90.747 91.417 92.4 92.882 94.07 97.14 98.465 97.465 97 97.535 98 98 98 98 98 98.135 98.653 99 99.535 100.4 101.282 102.282 103.282 103.747 103.212 102.212 100.677 99.212 97.812 96.329 95.212 93.812 91.93 90.329 89.747 89.347 89 89 89 89.135 89.788
84.535 85.935 87.817 89.282 89.747 89.747 89.212 88.611 88.494 88.494 88.629 89.282 90.282 91.417 92.935 94.282 94.882 95 94.865 94.212 93.212 92.212 91.212 90.212 89.347 89 89.4 89.882 90.935 91.882 92.535 94.07 97.005 98.347 97.329 96.882 97.4 97.882 98 98 98 98.135 98.653 99 99 99.535 100 100.4 101.282 102.147 102.629 102.212 101.212 99.812 98.329 97.212 95.812 94.329 93.212 91.677 89.812 88.865 88.747 88.882 89 89 89.535 90.671
84.4 85.417 86.935 88.282 88.747 88.611 88.094 87.212 86.747 86.747 87.282 88.282 89.282 90.817 92.282 93.282 94.282 94.747 94.212 93.212 92.212 91.212 90.212 89.347 89 89 89 89.535 90.4 91.282 92.417 94.206 96.588 97.611 96.559 96.282 96.882 97.4 97.882 98 98 98.535 98.865 98.747 98.882 99.4 99.747 99.747 100.147 100.629 101.147 101.094 100.212 99.212 97.677 96.212 95.212 93.812 92.329 90.812 89.329 88.347 88 88.4 88.882 89 89.671 91.323
83.882 84.935 86.282 87.147 87.494 86.959 86.494 85.959 85.629 85.882 86.535 87.4 88.282 89.682 90.893 91.911 92.893 93.376 93.094 92.212 91.347 90.465 89.465 89 89 89 89.135 89.653 90 90.671 92.323 94.723 96.264 95.959 95.094 95.282 96.147 96.629 97.147 97.629 97.882 98.4 98.347 98 98.4 98.747 98.747 98.747 98.747 99.282 99.747 99.747 99.212 98.212 96.812 95.329 94.212 93.212 91.677 90.212 88.812 88 88 88 88.535 89.135 90.323 92.323
83.4 84.282 85.282 85.747 85.611 85.094 84.611 84.23 84.4 85.417 86.4 86.747 87.147 87.893 88.376 89.429 90.376 91.029 91.629 91.212 90.747 90.347 89.465 89 89.135 89.253 89.653 90.135 90.389 91.441 93.323 94.917 94.959 94.23 94 94.4 94.747 95.147 95.629 96.147 97.029 97.494 97.629 97.747 97.747 97.747 97.882 98 98 98.4 98.747 98.747 98.347 97.465 96.465 95.065 93.583 92.465 90.93 89.465 88.465 88.135 88.253 88.253 88.653 89.671 91.323 93.459
82.882 83.4 84.147 84.494 83.959 83.494 83.23 83.4 83.882 84.935 85.747 85.747 85.611 85.494 86.029 87.029 88.029 89.164 90.147 90.094 89.882 90 89.6 89.253 89.653 90 90.135 90.924 92.041 92.77 93.799 93.959 93.094 93.282 93.882 94 93.865 93.747 94.282 94.747 95.282 95.747 96.147 96.629 96.747 96.882 97.4 97.882 98 98 98 98 98 97.465 96.6 95.718 94.183 92.583 91.065 89.718 88.718 88.788 89.253 89.253 89.389 90.576 92.712 95.5
82.4 82.747 82.747 82.611 82.094 81.747 82.282 82.747 83.282 84.282 84.747 84.747 84.212 83.747 84.147 85.029 86.164 87.682 88.629 88.882 89.535 90.135 90.253 90.253 90.118 90.135 90.788 92.323 93.653 93.194 92.494 92.094 91.747 92.282 93.282 93.747 93.347 93 93.4 93.747 94.147 94.629 94.747 95.282 95.882 96.4 96.882 97.535 98 98 98 98 98 97.6 97.253 96.718 95.183 93.183 91.718 90.718 89.718 89.788 90.253 90.389 91.041 92.712 95.365 99.035
82 81.865 81.611 80.959 80.494 80.629 81.282 81.747 82.417 83.535 84 84 83.6 83.253 83.118 83.4 84.817 86.282 87.282 88.417 89.671 90.788 91.253 91.253 90.718 90.788 91.788 93.052 93.476 91.906 90.611 90.629 90.882 91.4 92.282 92.747 92.747 92.747 92.747 92.747 92.747 93.282 93.882 94.535 95.535 96.135 96.788 97.788 98.253 98.253 98.253 98.253 98.253 98.253 98.253 97.718 96.183 94.183 92.718 91.718 90.853 90.906 91.389 92.041 93.041 95.111 98.382 102.823
81.747 81.076 80.094 79.212 78.747 79.282 80.282 80.882 81.935 83.282 83.882 84 84 84 83.6 83.118 83.935 85.282 86.417 88.206 90.323 91.788 92.253 92.253 91.853 92.041 92.906 92.847 91.559 90.212 89.347 89.535 90.4 90.882 91.535 92 92 91.865 91.747 91.747 91.747 92.282 93.417 94.535 95.671 96.788 97.788 98.653 99.135 99.253 99.253 99.118 99 99 99 98.6 97.183 95.183 93.718 92.718 92.253 92.253 92.788 93.788 94.924 97.247 101.435 106.97
80.747 79.812 78.865 78.347 78 78.4 79.282 80.417 81.671 82.788 83.653 84 84 84 83.865 83.347 83.535 84.535 86.07 88.741 91.323 92.924 93.506 93.371 93.253 93.653 93.865 92.142 90.212 89.347 89 89.4 89.882 90.535 91.4 91.747 91.747 91.212 90.747 90.747 90.747 91.417 92.935 94.282 95.953 97.535 98.535 99.135 99.653 100 100 99.6 99.253 99.253 99.118 99 97.93 96.065 94.718 93.718 93.118 93 93.671 94.788 96.459 99.647 104.317 109.97
80 79.465 78.465 78 78.135 78.389 79.041 80.441 82.323 83.653 84.135 84.118 84 83.865 83.347 83 83.535 84.535 86.206 89.258 92.206 94.323 95.253 94.718 94.253 94.118 93.194 91.024 89.347 89 89 89 89.535 90.535 91 91 90.865 90.347 89.865 89.747 89.882 90.935 92.282 93.417 95.605 97.671 98.788 99.653 100.135 100.253 100.253 100.118 100 100 99.6 99.118 97.93 96.465 95.465 94.465 93.6 93.253 94.188 95.535 97.741 101.393 106.464 112.328
80 79.6 78.853 78.506 79.041 80.041 81.041 82.041 83.441 84.253 84.653 84.465 83.865 83.212 82.747 82.747 83.417 84.671 86.858 89.858 92.723 95.07 96 95.465 95 94.329 92.142 89.812 89 88.865 88.882 89 89.4 90.282 90.882 90.865 90.347 90 89.465 89 89.535 90.535 91.671 93.323 95.723 98.07 99.535 100 100.535 101.135 101.253 100.718 100.253 100.253 100.118 99.465 97.93 96.465 95.465 94.465 94 94 94.535 95.671 98.258 102.14 107.075 112.422
80 80 80.135 80.389 81.041 82.041 83.177 84.294 85.159 85.371 85.118 84.465 83.329 82.212 81.747 81.882 83.07 85.07 87.605 90.47 92.953 94.935 95.747 95.212 94.747 93.677 91.142 89.212 88.747 88.347 88.4 88.882 89 89.535 90.4 90.347 90 90 89.6 89.253 89.788 90.653 92.07 94.07 96.07 97.935 99.282 99.882 100.535 101.535 102.135 101.853 101.506 101.371 100.718 99.583 98.065 96.718 95.718 94.718 94.118 94 94.535 96.07 98.605 102.14 106.405 111.169
80.135 80.253 80.924 82.041 83.041 84.041 85.441 86.788 87.253 86.718 85.583 84.465 82.93 81.465 81 81.535 83.07 85.07 87.47 89.817 92.217 94.029 94.629 94.347 94 92.93 90.395 88.465 88 88 88 88.535 89 89.535 90 90 90.135 90.253 90.253 90.253 90.788 91.253 92.188 94.07 96.07 97.535 98.535 99.535 100.535 101.535 102.535 103.135 103.253 102.853 101.971 100.436 98.971 97.836 96.583 95.465 94.465 94 94.535 96.07 98.47 101.752 105.099 108.898
80.653 81.135 82.188 83.671 84.924 86.041 86.906 87.788 88.118 87.329 85.812 84.329 82.812 81.465 81.135 81.788 83.188 84.935 86.817 88.682 90.564 92.029 93.029 93.629 93.882 93.065 90.648 88.583 87.865 87.882 88 88.535 89.135 89.653 90.135 90.253 90.788 91.253 91.253 91.253 91.788 92.253 92.653 94.07 96.07 97.535 98.535 99.535 100.535 101.535 102.671 103.788 104.389 104.506 103.836 102.318 100.971 99.301 97.318 95.836 94.718 94.118 94.535 95.935 97.817 100.217 102.964 105.711
81 81.535 82.535 84.07 86.07 87.535 88.135 88.653 88.329 86.812 85.329 83.812 82.465 81.6 81.653 82.535 83.535 84.4 85.682 87.029 88.564 90.029 91.164 92.282 93.553 93.718 91.512 88.93 87.6 87.653 88 88.535 89.535 90.135 90.653 91.135 91.788 92.253 92.389 92.506 92.906 93.253 93.253 94.188 96.07 97.535 98.535 99.4 100.417 101.535 103.07 104.535 105.671 106.253 105.318 103.971 102.971 100.901 98.836 97.183 95.718 94.718 94.653 95.4 96.682 98.564 100.429 102.175
81 81.4 82.417 84.07 86.07 87.535 88.535 88.865 87.677 86.076 84.559 83.212 82.347 82 82.135 82.653 83.4 83.747 84.147 85.164 86.817 88.282 89.817 91.417 93.605 94.465 91.86 88.93 88 88 88.135 88.788 89.788 90.788 91.253 91.788 92.788 93.389 93.906 94.253 94.253 94.253 94.253 94.788 96.188 97.535 98.4 98.882 99.935 101.417 103.07 104.671 106.323 107.389 106.971 105.971 104.836 102.648 100.183 98.183 96.583 95.465 94.865 94.747 95.147 96.429 97.776 98.776
81 81 82.07 84.07 85.935 87.282 88.282 88.212 86.677 84.677 83.212 82.347 82 82 82.535 83 82.865 82.747 82.747 83.817 85.817 87.417 89.07 91.07 93.605 94.465 91.86 88.93 88 88.135 88.788 89.788 90.788 91.653 92.135 92.788 93.788 94.788 95.389 95.506 95.506 95.371 95.253 95.788 96.653 97.535 98.135 98.653 99.535 101.07 103.07 105.07 107.206 108.788 108.853 107.836 106.183 103.648 101.183 99.047 96.93 95.465 94.465 93.865 93.611 94.029 94.893 95.776
81 81 82.07 83.935 85.282 86.282 87.147 86.959 85.424 83.424 82.094 81.747 81.882 82.135 82.653 83 82.465 82 82 83.07 85.07 87.206 89.188 91.07 93.47 94.212 91.877 89.183 88.389 88.906 89.788 90.788 91.653 92 92.671 93.788 94.788 95.788 96.788 97.389 97.371 96.853 96.506 96.906 97.389 97.906 98.653 99.135 99.653 101.07 103.206 105.323 107.723 109.671 110.253 109.183 107.183 104.648 102.047 99.53 97.183 95.583 94.329 93.212 92.076 91.893 92.241 92.776
81 81.135 82.188 83.535 84.4 85.282 85.611 84.959 83.559 81.812 80.865 80.882 81.535 82.535 83.135 83.118 82.736 82.506 82.506 83.441 85.459 87.841 89.671 91.188 92.799 93.094 91.812 90.065 89.788 90.389 90.906 91.788 92.253 92.253 93.323 94.788 95.788 96.788 97.788 98.788 98.718 98.253 98.253 98.389 98.906 99.253 99.253 99.788 100.253 101.188 103.605 106.206 108.323 110.323 111.118 109.93 107.93 105.53 102.648 100.047 97.93 95.93 93.794 92.212 90.677 89.611 89.494 89.893
81.253 81.788 82.653 83.535 83.865 84.147 83.959 82.959 82.094 81.212 80.483 80.788 81.788 82.788 83.788 83.853 84.041 84.506 84.506 85.041 87.111 89.041 90.441 91.653 92.135 92.253 91.853 90.971 90.906 91.788 92.389 92.906 93.253 93.253 94.323 95.788 96.788 97.788 98.788 99.788 99.853 99.506 99.506 100.041 100.506 100.506 100.506 100.906 101.253 101.924 104.111 106.976 109.323 111.323 111.718 110.183 108.183 106.183 103.512 100.53 98.047 95.93 93.395 91.329 89.677 88.347 88 88
82 82.535 83 83.4 83.212 82.611 82.094 81.212 80.747 80.347 80.671 81.788 82.788 83.924 85.041 85.642 86.294 86.759 86.759 87.294 89.094 90.788 91.788 92.253 92.788 93.524 93.624 92.971 92.506 93.041 94.041 94.506 94.371 94.253 95.323 96.788 97.788 98.788 99.788 100.788 101.389 101.506 101.506 102.041 102.506 102.506 102.506 102.506 102.506 103.576 105.976 108.323 110.323 112.188 112.6 111.183 109.183 107.183 104.248 101.436 98.765 96.047 93.53 91.183 89.183 88.253 88.389 88.371
81.747 82.282 82.747 82.747 82.212 81.347 80.865 80.347 80.135 80.253 81.323 82.788 83.924 85.576 87.041 88.177 89.294 89.759 89.895 90.412 91.159 91.906 92.788 93.253 93.788 95.459 95.971 94.971 94.371 94.788 95.788 96.253 95.718 95.389 96.441 97.788 98.788 99.788 100.924 102.041 103.041 103.506 103.506 104.041 104.506 104.506 104.506 104.506 104.506 105.441 107.323 109.323 111.323 112.788 113.253 112.318 110.436 108.436 106.036 103.554 100.366 97.036 94.554 92.436 90.571 89.759 90.159 90.107
80.747 81.147 81.494 81.494 81.23 81 80.6 80.253 80.788 81.389 82.576 84.041 85.576 87.576 89.041 90.712 92.294 92.895 93.412 93.759 93.624 93.506 93.906 94.253 94.788 96.723 97.736 96.971 95.971 95.906 96.653 97 96.6 96.788 97.788 98.924 100.041 101.177 102.694 104.177 105.159 105.642 105.759 106.024 106.253 106.253 106.253 106.253 106.389 107.041 108.576 110.576 112.576 114.177 114.759 114.089 112.571 110.689 108.689 106.154 102.754 99.807 97.154 94.825 93.613 93.265 93.401 93.383
79.494 79.629 79.747 79.747 80.417 81 81.135 81.389 82.041 83.041 84.576 86.041 87.712 89.694 91.177 93.365 95.294 96.294 96.759 96.759 96.224 95.759 95.624 95.506 95.906 97.188 98.806 99.107 97.953 97.118 97 97 97.135 97.924 99.041 100.576 102.177 103.829 105.43 106.947 107.895 108.547 108.877 108.224 107.624 107.506 107.506 107.642 108.294 109.43 111.083 113.083 115.083 116.947 117.759 116.825 115.342 113.689 111.689 109.289 106.407 103.407 100.542 98.73 98.401 98.519 98.918 98.866
77.747 78.147 78.629 78.882 79.935 81.018 81.788 82.788 83.788 84.924 86.576 88.177 90.365 92.43 94.083 96.618 98.547 99.412 99.759 99.759 99.224 98.624 98.107 97.759 97.624 97.906 99.723 101.135 99.783 97.971 97.371 97.253 97.788 99.323 100.924 102.712 104.965 107.083 109.083 110.683 111.801 112.665 112.342 111.224 110.36 109.877 109.759 110.294 111.43 113.218 115.336 117.336 119.336 120.801 121.13 120.477 118.942 116.942 114.807 112.689 110.289 107.542 105.331 104.119 104.171 104.654 104.772 104.636
77 77 77.535 78.535 79.535 81.07 82.671 83.788 84.924 86.441 88.459 90.712 93.365 96.1 98.336 100.735 102.547 103.012 103.012 102.877 102.36 101.477 101.012 100.877 100.224 99.624 100.306 101.671 101.318 99.971 98.971 98.506 99.177 100.829 102.965 105.618 108.618 111.083 113.083 115.083 116.547 117.012 116.078 114.73 114.13 113.477 113.012 113.683 115.336 118.006 120.589 122.589 124.453 125.665 125.477 124.342 122.554 120.436 118.036 115.689 113.689 111.825 110.613 110.401 110.654 111.171 111.519 110.983
77 77.135 77.788 78.653 79.671 81.323 83.188 84.671 86.323 87.924 90.111 93.247 96.635 100.406 103.471 105.453 106.801 107.265 107.13 106.613 106.13 105.613 105.13 104.477 103.477 102.206 101.371 102.188 102.736 102.107 101.224 100.759 101.829 103.965 106.482 109.5 112.618 115.083 117.218 119.2 120.683 121.265 120.73 119.73 118.595 117.613 117.265 118.471 120.589 123.524 126.336 128.336 129.665 130.012 129.342 127.554 124.901 122.436 120.301 118.183 116.318 115.107 114.895 115.547 116.547 117.148 117.265 116.595
77.253 77.788 78.653 79.135 80.188 82.07 83.671 85.323 87.459 89.712 92.5 96.153 100.688 105.288 109.006 111.054 111.918 112.265 111.866 111.383 110.73 110.13 109.477 108.477 107.342 105.289 103.206 102.906 103.924 104.642 104.36 104.148 105.2 107.618 110.218 113.27 116.618 119.083 121.482 123.565 125.2 126.148 125.595 124.477 123.078 122.265 122.401 123.988 126.336 128.735 131.083 132.947 133.759 133.624 132.301 129.648 126.648 124.047 121.53 119.183 117.718 117.389 117.906 118.924 120.041 121.041 121.371 120.318
