app/src/main/assets/5.asc
ncols 437
nrows 421
xllcorner 622850.710
yllcorner 3613861.560
cellsize 30
nodata_value -9999.0
[rows 270 to 299 of 421, columns 204 to 271 of 437]
118.371 114.207 109.86 105.46 100.713 96.501 93.289 90.407 87.542 84.924 82.154 79.554 77.971 77.371 76.718 76.118 76 75.6 75.253 75.253 75.253 74.183 72.183 70.583 69.465 68.465 68.135 68.788 69.253 69.389 69.371 68.718 68.118 68 68 68 68.4 69.282 69.882 70.4 71.282 72.682 74.164 75.282 76.817 78.682 80.029 81.029 82.029 83.429 84.776 85.776 86.376 87.029 87.893 89.311 91.311 93.981 98.034 102.381 105.711 108.058 108.852 107.664 105.265 101.847 97.983 95.171
115.917 112.983 109.236 105.489 101.877 98.783 96.436 94.172 91.807 88.754 85.272 82.019 79.836 78.583 77.465 76.465 76 76 76 76 76 74.93 72.93 70.93 69.465 68.6 68.653 69.535 70.135 70.653 70.465 69.6 68.718 68.118 68 68 68 68.4 69.282 69.747 70.282 71.282 72.682 74.164 75.682 77.029 78.029 79.029 80.029 81.029 82.029 83.029 84.029 84.893 85.376 86.429 88.446 91.499 95.381 99.246 102.058 103.922 104.199 102.664 100.664 97.865 94.635 92.171
111.664 109.265 106.653 104.024 101.812 99.93 98.065 96.718 94.783 91.765 88.113 84.113 81.047 78.93 77.465 76.465 76 75.865 75.747 75.747 75.747 74.812 72.93 70.93 69.465 69 69 69.535 70.535 71 70.465 69.865 69.212 68.212 67.747 67.747 67.747 67.747 68.282 68.747 69.282 70.282 71.282 72.817 74.282 75.282 76.282 77.282 78.282 79.282 80.282 81.147 82.029 82.629 83.147 84.164 86.217 88.964 92.381 95.711 97.922 99.134 99.082 97.664 95.8 93.917 91.518 89.171
106.8 105.053 103.706 102.306 100.823 99.306 98.094 97.212 95.677 92.742 88.86 84.995 81.512 78.93 77.329 76.212 75.747 75.212 74.747 74.747 74.747 74.212 72.812 70.93 69.465 69 69 69.535 70.4 70.882 70.465 69.465 68.465 67.465 67 67 66.865 66.882 67.4 67.747 68.282 69.282 70.282 71.817 73.282 74.282 75.282 76.282 77.147 78.029 79.029 79.629 80.282 81.147 81.629 82.682 84.564 86.564 89.499 92.175 93.387 93.735 93.735 92.8 91.453 90.053 88.306 86.424
102.959 101.823 100.706 99.706 98.306 96.823 96.241 95.57 94.053 91.635 88.236 84.889 81.624 78.794 76.812 75.329 74.611 74.094 73.747 73.611 73.494 72.959 71.959 70.559 69.212 68.747 68.882 69.4 69.747 70.147 70.094 69.212 68.347 67.465 67 67 66.465 66.4 66.747 66.747 67.282 68.282 69.282 70.817 72.282 73.282 74.282 75.282 75.747 76.282 77.282 78.282 79.147 79.629 80.147 81.164 82.682 84.564 86.964 88.64 88.988 88.988 88.852 88.335 87.588 86.706 85.841 84.424
101.076 99.424 97.959 96.823 95.57 93.917 92.852 91.8 90.453 88.518 85.771 82.889 80.424 78.024 76.212 74.812 73.465 72.865 72.611 72.094 71.747 71.212 70.212 69.212 68.212 67.747 68.282 68.747 68.747 68.747 68.747 68.347 67.865 67.347 67 66.865 66.347 65.865 65.747 65.747 66.282 67.282 68.282 69.817 71.282 72.282 73.282 74.282 74.882 75.4 76.282 77.282 77.747 78.282 78.882 79.935 81.282 82.682 84.429 85.241 85.241 85.241 84.706 84.241 84.241 83.841 83.494 82.559
99.794 97.541 95.823 94.171 92.171 90.035 88.453 87.453 86.453 85.053 83.171 80.771 78.559 76.677 75.212 74.212 73.212 72.212 71.347 70.865 70.747 70.212 69.212 68.212 67.347 67 67.4 67.747 67.747 67.747 67.747 67.747 67.347 67 67 66.465 65.865 65.347 65 65 65.535 66.535 67.535 68.935 70.282 71.417 72.535 73.535 74.4 74.882 75.535 76.4 76.882 77.535 78.4 79.282 80.147 81.029 82.029 82.494 82.358 82.241 81.841 81.494 81.629 81.747 81.747 81.347
99.259 96.006 93.288 91.171 89.035 86.518 84.706 83.841 82.959 81.959 80.559 78.677 77.212 75.677 74.212 73.212 72.347 71.465 71 70.465 70 69.465 68.465 67.465 67 67 67 67 67 67 67 67 67 67 66.865 66.347 65.465 65 65 65.135 65.788 66.653 67.535 68.671 69.788 71.188 72.535 73.535 74.135 74.788 75.653 76.135 76.653 77.4 77.747 78.147 78.629 79.282 80.147 80.494 80.094 79.747 79.611 79.494 80.029 80.629 80.747 80.882
98.471 94.489 91.006 88.288 85.635 83.306 82.094 81.611 81.094 80.212 79.212 77.677 76.212 74.812 73.465 72.465 72 71.6 71.118 70.6 70.118 69.465 68.465 67.6 67.118 67 67 67 66.865 66.882 67 67 67 67 66.6 66.118 65.465 65 65.135 65.788 66.653 67.135 67.788 69.323 70.788 71.788 72.788 73.788 74.788 75.788 76.253 76.653 77 77 76.865 76.747 77.282 78.282 78.747 78.747 78.747 78.611 78.094 77.747 78.282 79.282 79.882 80.4
96.954 93.006 89.489 86.006 82.889 81.094 80.747 80.347 79.865 79.212 78.212 76.812 75.329 74.347 73.465 72.6 72.253 72.253 71.718 71.118 70.465 69.6 68.718 68.118 67.6 67.253 67.118 67 66.465 66.4 66.882 67 67 67.135 67.253 66.718 65.718 65.253 65.653 66.535 67.135 67.788 68.924 70.306 71.671 72.788 73.788 74.788 75.653 76.535 77 76.865 76.747 76.611 76.094 75.747 76.282 77.282 77.747 77.747 77.747 77.212 76.747 76.882 77.535 78.535 79.4 79.747
95.489 91.607 88.142 84.742 81.395 79.865 79.882 80 79.465 78.465 77.329 76.212 74.812 74 73.465 73 73 73 72.465 71.465 70.465 70 69.465 68.6 68.118 68 67.6 67.118 66.6 66.118 66.535 67 67.135 67.653 68 67.6 66.718 66.118 66.135 66.788 67.788 68.788 70.188 71.135 72.188 73.535 74.535 75.535 76 76.4 76.747 76.212 75.611 75.094 74.747 74.747 75.282 76.282 76.747 76.747 76.747 76.347 76 76.535 77.535 78.4 78.882 79
94.142 90.742 87.395 84.259 81.277 79.465 79.535 80 79.465 78.465 76.93 75.465 74.465 74 73.465 73 73 73 72.465 71.465 70.465 69.865 69.347 68.865 68.347 68 68 67.465 67 66.465 66.535 67 67.535 68 68 68 67.465 66.6 66.653 67.535 68.535 69.535 70.535 71.671 72.653 73.535 74.535 75.4 75.747 75.747 75.747 75.212 74.212 73.611 73.629 73.747 74.417 75.671 76.253 76.253 76.118 76 75.865 76.282 77.282 77.882 78.4 78.611
93.277 90.395 87.395 83.995 81.183 79.718 79.653 80 79.465 78.465 77.065 75.718 74.718 74.118 73.465 73 73 73 72.465 71.465 70.465 69.465 68.865 68.347 68 67.865 67.747 67.212 66.747 66.347 66.4 66.882 67.4 67.747 67.747 67.882 67.465 67 67.135 67.653 68.535 69.535 70.4 71.817 72.882 73.4 74.282 74.882 75 75 74.729 74.094 73.212 72.347 72.4 73.018 74.188 76.07 77 77 76.465 76 75.465 75.4 76.282 77.282 77.747 77.212
92.93 90.53 87.648 84.648 82.183 80.718 80.253 80.118 79.465 78.6 77.718 76.718 75.718 74.718 73.718 73.118 73 73 72.465 71.465 70.465 69.465 68.465 67.865 67.747 67.212 66.747 66.347 66 66 66 66.4 66.882 66.865 66.882 67.4 67.347 67 67.535 68 68.535 69.4 69.882 70.935 72.282 72.747 73.282 74.282 74.747 74.747 73.812 72.865 72.347 72 72 73.07 74.535 76.07 77 77 76.465 75.865 75.212 74.747 75.282 76.282 76.747 76.212
92.93 90.93 88.395 85.395 83.065 81.718 81.118 80.465 79.465 79 78.465 77.465 76.6 75.718 74.718 73.718 73.253 73.118 72.465 71.465 70.465 69.329 68.212 67.212 66.747 66.212 65.747 65.747 65.747 65.882 66 66 66.4 66.347 66.4 66.882 67 67 67.535 68 68.535 69 69.4 70.282 71.282 71.882 72.4 73.282 73.747 73.882 73.465 72.465 72 72 72 73.07 74.535 76.07 77 77 76.465 75.329 74.212 73.747 74.282 75.282 75.747 75.347
92.812 90.93 88.395 85.53 83.718 82.718 81.583 80.465 79.465 79 78.6 77.853 77.506 76.971 75.971 74.971 74.371 73.718 72.718 71.583 70.465 68.93 67.465 66.465 65.865 65.212 64.611 64.494 64.765 65.4 65.882 66 66.135 66.253 66.253 66.653 66.865 66.882 67.4 67.882 68.4 68.882 69 69.535 70.4 71.282 71.882 72.4 72.882 73.4 73.347 72.6 72.253 72.253 72.253 73.188 74.535 75.935 76.882 76.865 76.212 74.812 73.465 72.865 73.282 74.282 74.747 74.747
92.465 90.93 88.53 86.183 84.718 83.583 82.065 80.583 79.6 79.253 79.389 79.506 79.506 78.971 77.971 76.971 75.971 74.836 73.583 71.93 70.465 68.93 67.465 66.465 65.329 64.212 63.347 63 63.935 65.018 65.653 66.135 66.653 67 67 66.865 66.347 66.4 66.882 67.4 67.882 68.535 69 69.535 70 70.535 71.4 71.882 72.535 73 73.135 73.253 73.253 73.253 73.253 73.653 74.535 75.535 76.4 76.347 75.329 74.212 73.212 72.347 72.535 73.535 74 74
92.212 90.812 88.93 87.065 85.583 84.065 82.583 81.201 80.371 80.253 80.788 81.253 81.253 80.718 79.718 78.718 77.583 75.93 74.065 72.047 70.465 68.93 67.465 66.465 65.065 63.718 63.253 63.253 63.788 65.188 66.135 66.653 67 67 67 66.465 65.865 65.747 66.282 66.882 67.535 68.535 69.135 69.653 70.135 70.653 71 71.535 72.535 73 73.535 74 74 74 74 74 74.535 75.535 76 75.865 74.812 73.465 72.465 71.865 72.282 73.282 73.882 74
91.094 90.212 88.812 87.465 86.065 84.718 83.318 82.371 81.853 81.506 81.906 82.253 82.253 81.718 80.718 79.583 77.93 76.065 74.583 72.53 70.583 69.065 67.718 66.718 65.718 64.718 64.253 64.253 64.653 65.535 66.535 67 67 67 66.865 66.347 65.465 65 65.4 66.282 67.417 68.535 69.535 70.135 70.653 71.135 71.253 71.653 72.4 72.882 73.535 74 74 74 74 74 74.535 75.535 76 75.465 74.329 73.212 72.212 71.212 71.417 72.535 73.4 73.882
89.747 89.347 88.465 87.465 86.465 85.6 84.718 83.718 83.253 83.253 83.253 83.118 82.865 82.347 81.329 79.812 77.93 76.329 74.812 72.93 70.93 69.465 68.6 67.718 66.718 65.718 65.253 65.118 65 65.4 66.282 66.747 66.747 66.747 66.347 65.865 65.347 65 65 65.535 67.07 68.535 69.535 70.535 71.135 71.653 72 72 72 72.535 73.4 73.747 73.747 73.747 73.747 73.882 74.535 75.535 75.865 75.212 73.677 72.212 71.212 70.212 70.817 72.147 72.629 73.282
89.253 89.118 88.329 87.212 86.347 86 85.6 84.718 84.118 83.865 83.611 82.959 82.094 81.611 80.559 79.212 77.677 75.812 74.329 72.812 70.93 69.6 69.118 68.6 67.718 66.718 66.118 65.465 65 65 65.4 65.747 65.747 65.882 66 65.465 65 65 65 65.535 67.07 68.535 69.535 70.535 71.535 72 71.865 71.747 71.747 72.147 72.494 72.629 72.747 72.747 72.882 73.535 74.4 75.282 75.347 74.329 72.677 71.212 70.212 69.212 69.682 70.629 71.282 72.282
90.118 89.194 87.288 85.706 85.241 85.512 85.882 85.465 84.465 83.194 81.959 80.959 80.494 79.959 78.959 78.094 76.812 75.465 73.93 72.465 70.93 69.865 69.347 68.865 68.347 67.465 66.465 65.465 65 65 65 65 65 65.4 65.882 65.6 65.253 65.253 65.253 65.788 67.188 68.535 69.535 70.4 71.282 71.747 71.212 70.747 70.747 70.747 70.747 71.147 71.629 71.882 72.4 73.282 73.882 74.535 74.865 73.812 71.93 70.329 69.212 68.347 68.4 69.282 70.282 71.282
90.429 87.618 84.653 82.959 82.494 83.429 84.911 85.094 84.076 81.889 79.823 78.841 78.494 78.094 77.212 76.747 76.347 75.465 73.93 72.465 71.065 69.583 69 68.465 68 67.465 66.465 65.6 65.118 64.865 64.747 64.747 64.747 64.882 65.535 66.135 66.253 66.253 66.253 66.653 67.535 68.4 69.147 69.629 70.147 70.494 70.094 69.611 69.494 69.494 69.629 69.747 70.282 71.282 71.882 72.535 73.535 74.535 74.465 73.329 71.677 69.812 68.465 67.865 67.747 68.282 69.282 70.282
89.918 84.565 81.841 81.094 80.611 81.029 82.564 83.494 82.424 79.889 77.424 76.494 76.494 76.629 76.347 76 76 75.465 73.93 72.465 71.465 69.93 68.865 68.212 67.747 67.212 66.347 66 65.465 64.465 64 64 64 64.535 65.535 66.535 67.135 67.253 67.253 67.253 67.653 67.865 67.747 68.147 68.494 68.494 68.494 68.094 67.747 67.747 68.282 68.882 69.535 70.535 71.535 72.535 73.535 74.4 74.212 72.677 70.812 69.329 68.212 67.347 67 67.4 68.282 69.282
88.095 82.089 79.865 79.747 79.347 79.535 80.935 81.476 80.171 77.771 75.559 74.747 74.747 75.282 75.882 76 76 75.465 73.93 72.329 71.212 69.812 68.465 67.465 66.865 66.347 65.865 65.747 65.212 64.212 63.747 63.747 63.747 64.282 65.417 66.535 67.671 68.253 68.253 68.253 68.118 67.465 67 66.865 66.747 66.747 66.747 66.747 66.747 66.882 67.4 68.417 69.535 70.535 71.535 72.535 73.4 73.611 72.959 71.559 70.212 68.812 67.465 67 66.865 66.882 67.4 68.417
85.884 81.142 79.483 79.253 79.253 79.653 80.129 79.306 77.424 75.559 74.212 73.747 73.882 74.535 75.4 75.747 75.747 75.212 73.677 71.677 70.212 69.212 68.212 67.347 66.465 65.865 65.212 64.747 64.212 63.212 62.747 62.747 62.747 63.417 65.07 66.671 68.323 69.253 69.253 69.253 68.718 67.718 67.118 66.465 66 65.865 65.747 65.747 65.747 66.282 66.882 68.07 69.535 70.535 71.535 72.4 72.611 71.959 70.959 70.094 69.212 68.212 67.347 66.865 66.347 66.4 66.882 68.07
84.789 80.666 79.906 80.389 80.371 79.982 78.677 76.941 75.441 74.212 73.347 73 73.535 74.4 74.882 75 74.865 74.212 72.677 70.677 69.212 68.212 67.347 66.865 66.347 65.329 64.347 63.865 63.212 62.347 61.865 61.747 61.882 63.07 65.07 67.07 68.935 69.747 69.882 70 69.465 68.6 67.583 66.465 66 65.465 65 65 65 65.535 66.535 67.935 69.417 70.535 71.4 71.747 71.212 70.212 69.212 68.611 68.094 67.212 66.882 66.465 66 66.135 66.788 68.323
85.313 82.089 81.506 81.77 81.194 79.424 77.424 75.159 73.865 73.347 73 73 73.535 74 74.4 74.747 74.212 73.212 71.677 69.677 68.212 67.347 66.865 66.347 66 65.065 64.118 63.465 62.465 62 61.465 61 61.535 63.07 65.07 66.935 68.147 68.494 68.893 69.241 69.112 69 68.065 66.718 66.118 65.465 65 65 65 65.4 66.282 67.282 68.817 70.282 70.882 70.865 70.212 69.212 68.076 66.959 66.494 66.23 66.535 66.6 66.389 67.041 68.177 69.829
86.86 83.93 82.865 82.076 80.024 77.812 75.93 74.465 73.6 73.118 73 73 73.4 73.747 73.747 73.747 73.212 72.212 70.677 68.677 67.347 66.865 66.347 66 66 65.465 64.465 63.465 62.465 62 61.465 61.135 61.788 63.323 65.188 66.129 66.241 66.241 66.241 66.376 67.699 69.018 68.583 67.329 66.347 65.465 65 64.865 64.747 64.882 65.4 66.417 68.07 69.535 70.535 70.465 69.465 68.329 66.677 65.212 64.882 65.535 66.671 67.389 68.041 69.177 70.965 73.083
86.353 83.559 82.212 80.677 78.812 77.465 76.065 74.718 74.118 73.6 73.253 73.118 72.865 72.747 72.747 72.611 72.094 71.212 69.677 67.812 67 66.465 66 66 66 65.465 64.465 63.465 62.6 62.118 61.6 61.653 62.671 64.323 65.653 64.794 63.611 63.494 63.629 64.282 66.217 68.564 68.559 66.677 65.747 65.347 64.865 64.347 64 64.4 64.882 66.07 68.07 69.535 70.535 70.465 69.465 67.794 65.812 64.465 64.535 65.671 67.323 68.924 70.177 71.829 74.365 76.829
