app/src/main/assets/7.asc
ncols 313
nrows 271
xllcorner 636373.250
yllcorner 3607260.789
cellsize 30
nodata_value -9999.0
[rows 120 to 149 of 271, columns 67 to 133 of 313]
-9999.0 -9999.0 -9999.0 -9999.0 -9999.0 -9999.0 -9999.0 -9999.0 -9999.0 -9999.0 -9999.0 -9999.0 -9999.0 -9999.0 -9999.0 -9999.0 -9999.0 -9999.0 -9999.0 -9999.0 -9999.0 -9999.0 -9999.0 -9999.0 -9999.0 -9999.0 -9999.0 -9999.0 -9999.0 -9999.0 -9999.0 -9999.0 -9999.0 190.858 189.035 189.123 190.123 190.55 189.47 187.985 185.985 184.271 183.478 183.072 181.985 179.698 176.205 171.69 167.484 162.476 155.816 147.389 140.595 134.396 128.81 124.412 120.905 119.119 118.562 117.797 116.312 114.026 111.312 109.105 106.591 104.877 104.53
-9999.0 -9999.0 -9999.0 -9999.0 -9999.0 -9999.0 -9999.0 -9999.0 -9999.0 -9999.0 -9999.0 -9999.0 -9999.0 -9999.0 -9999.0 -9999.0 -9999.0 -9999.0 -9999.0 -9999.0 -9999.0 -9999.0 -9999.0 -9999.0 -9999.0 -9999.0 -9999.0 -9999.0 -9999.0 -9999.0 -9999.0 -9999.0 -9999.0 193.71 193.028 192.322 193.043 193.351 192.184 189.985 187.985 186.191 184.992 184.199 183.587 181.698 178.412 174.492 170.77 166.683 160.617 152.389 145.389 138.595 132.476 127.168 123.176 120.184 117.905 115.626 113.427 111.22 108.706 106.786 105.064 103.63 103.528
-9999.0 -9999.0 -9999.0 -9999.0 -9999.0 -9999.0 -9999.0 -9999.0 -9999.0 -9999.0 -9999.0 -9999.0 -9999.0 -9999.0 -9999.0 -9999.0 -9999.0 -9999.0 -9999.0 -9999.0 -9999.0 -9999.0 -9999.0 -9999.0 -9999.0 -9999.0 -9999.0 -9999.0 -9999.0 -9999.0 -9999.0 -9999.0 -9999.0 197.123 197.263 195.836 195.836 195.756 194.778 192.184 189.905 187.706 185.912 184.793 184.199 183.3 180.492 176.977 173.897 170.285 164.903 157.389 150.389 143.389 136.882 131.683 126.969 123.176 119.977 116.977 114.263 112.343 110.622 109.187 108.386 107.673 107.673
-9999.0 -9999.0 -9999.0 -9999.0 -9999.0 -9999.0 -9999.0 -9999.0 -9999.0 -9999.0 -9999.0 -9999.0 -9999.0 -9999.0 -9999.0 -9999.0 -9999.0 -9999.0 -9999.0 -9999.0 -9999.0 -9999.0 -9999.0 -9999.0 -9999.0 -9999.0 -9999.0 -9999.0 -9999.0 -9999.0 -9999.0 -9999.0 -9999.0 200.043 199.985 198.558 198.558 198.271 196.905 194.419 191.419 188.626 186.507 185.279 184.992 184.072 182.778 179.897 176.412 172.698 168.792 162.309 155.11 148.19 141.755 136.24 131.447 127.328 123.733 120.534 117.821 116.187 115.466 114.951 114.745 114.23 114.23
-9999.0 -9999.0 -9999.0 -9999.0 -9999.0 -9999.0 -9999.0 -9999.0 -9999.0 -9999.0 -9999.0 -9999.0 -9999.0 -9999.0 -9999.0 -9999.0 -9999.0 -9999.0 -9999.0 -9999.0 -9999.0 -9999.0 -9999.0 -9999.0 -9999.0 -9999.0 -9999.0 -9999.0 -9999.0 -9999.0 -9999.0 -9999.0 -9999.0 202.359 201.905 200.279 200.279 199.912 198.22 195.419 192.419 189.419 186.912 186 185.793 185.279 184.786 182.412 178.332 174.419 171.213 166.346 158.831 152.197 146.763 142.041 137.32 133.012 129.527 125.813 123.18 121.951 122.031 122.31 122.589 122.788 122.628
-9999.0 -9999.0 -9999.0 -9999.0 -9999.0 -9999.0 -9999.0 -9999.0 -9999.0 -9999.0 -9999.0 -9999.0 -9999.0 -9999.0 -9999.0 -9999.0 -9999.0 -9999.0 -9999.0 -9999.0 -9999.0 -9999.0 -9999.0 -9999.0 -9999.0 -9999.0 -9999.0 -9999.0 -9999.0 -9999.0 -9999.0 -9999.0 -9999.0 203.565 203.419 201.199 201 200.427 198.427 196.141 193.141 190.141 187.427 186 186.08 186.279 186.072 184.412 180.125 175.459 171.782 167.757 161.632 155.484 151.049 147.328 143.607 139.885 136.084 132.371 129.944 129.23 129.517 130.517 131.517 132.23 131.657
-9999.0 -9999.0 -9999.0 -9999.0 -9999.0 -9999.0 -9999.0 -9999.0 -9999.0 -9999.0 -9999.0 -9999.0 -9999.0 -9999.0 -9999.0 -9999.0 -9999.0 -9999.0 -9999.0 -9999.0 -9999.0 -9999.0 -9999.0 -9999.0 -9999.0 -9999.0 -9999.0 -9999.0 -9999.0 -9999.0 -9999.0 -9999.0 -9999.0 204.366 204.499 202.191 201.119 200.228 198.347 195.862 192.862 189.942 187.427 186 186.286 187.08 187.279 186.133 181.846 176.56 171.133 167.419 163.72 158.69 154.977 152.137 149.614 146.893 143.885 140.451 138.143 137.23 137.517 138.517 139.517 140.15 139.378
-9999.0 -9999.0 -9999.0 -9999.0 -9999.0 -9999.0 -9999.0 -9999.0 -9999.0 -9999.0 -9999.0 -9999.0 -9999.0 -9999.0 -9999.0 -9999.0 -9999.0 -9999.0 -9999.0 -9999.0 -9999.0 -9999.0 -9999.0 -9999.0 -9999.0 -9999.0 -9999.0 -9999.0 -9999.0 -9999.0 -9999.0 -9999.0 -9999.0 204.374 205.587 203.905 201.626 199.634 197.862 194.862 191.862 189.148 187.228 186 186.207 187.088 187.92 186.735 182.846 177.64 172.492 168.897 165.332 161.213 157.858 155.829 154.702 153.18 151.252 148.936 146.936 145.509 145.715 146.437 147.158 147.386 145.94
-9999.0 -9999.0 -9999.0 -9999.0 -9999.0 -9999.0 -9999.0 -9999.0 -9999.0 -9999.0 -9999.0 -9999.0 -9999.0 -9999.0 -9999.0 -9999.0 -9999.0 -9999.0 -9999.0 -9999.0 -9999.0 -9999.0 -9999.0 -9999.0 -9999.0 -9999.0 -9999.0 -9999.0 -9999.0 -9999.0 -9999.0 -9999.0 -9999.0 203.581 205.801 205.3 202.618 199.626 196.981 193.583 190.583 187.87 186.156 185.442 185.522 186.214 187.236 186.148 183.369 178.727 174.778 171.611 167.125 162.778 160.63 159.908 159.394 159.267 158.665 157.458 155.657 154.15 153.872 153.593 153.314 152.749 150.69
-9999.0 -9999.0 -9999.0 -9999.0 -9999.0 -9999.0 -9999.0 -9999.0 -9999.0 -9999.0 -9999.0 -9999.0 -9999.0 -9999.0 -9999.0 -9999.0 -9999.0 -9999.0 -9999.0 -9999.0 -9999.0 -9999.0 -9999.0 -9999.0 -9999.0 -9999.0 -9999.0 -9999.0 -9999.0 -9999.0 -9999.0 -9999.0 -9999.0 202.421 204.45 204.957 203.456 200.061 196.209 191.583 188.663 186.148 184.435 183.721 184.008 184.928 185.522 185.228 183.014 179.698 176.825 173.648 168.926 165.144 164.115 164.115 164.195 164.68 165.187 164.386 163.1 161.306 160.028 158.749 157.47 155.905 153.133
-9999.0 -9999.0 -9999.0 -9999.0 -9999.0 -9999.0 -9999.0 -9999.0 -9999.0 -9999.0 -9999.0 -9999.0 -9999.0 -9999.0 -9999.0 -9999.0 -9999.0 -9999.0 -9999.0 -9999.0 -9999.0 -9999.0 -9999.0 -9999.0 -9999.0 -9999.0 -9999.0 -9999.0 -9999.0 -9999.0 -9999.0 -9999.0 -9999.0 200.928 201.569 201.885 201.392 199.098 194.804 189.862 187.228 185.507 183.912 183 183.207 183.721 184.008 184.435 183.148 180.862 177.655 173.934 170.372 168.115 168.195 168.394 168.68 169.68 170.394 170.028 168.542 166.462 164.184 161.985 159.905 157.34 153.854
-9999.0 -9999.0 -9999.0 -9999.0 -9999.0 -9999.0 -9999.0 -9999.0 -9999.0 -9999.0 -9999.0 -9999.0 -9999.0 -9999.0 -9999.0 -9999.0 -9999.0 -9999.0 -9999.0 -9999.0 -9999.0 -9999.0 -9999.0 -9999.0 -9999.0 -9999.0 -9999.0 -9999.0 -9999.0 -9999.0 -9999.0 -9999.0 -9999.0 199.92 199.275 198.004 197.24 195.548 192.413 188.743 186.793 185.912 184.427 183 183 183.08 183.485 183.634 182.068 179.663 176.942 174.38 172.63 172.195 172.68 173.394 173.68 174.6 175.035 174.263 172.184 169.698 166.618 163.626 161.22 158.133 154.053
-9999.0 -9999.0 -9999.0 -9999.0 -9999.0 -9999.0 -9999.0 -9999.0 -9999.0 -9999.0 -9999.0 -9999.0 -9999.0 -9999.0 -9999.0 -9999.0 -9999.0 -9999.0 -9999.0 -9999.0 -9999.0 -9999.0 -9999.0 -9999.0 -9999.0 -9999.0 -9999.0 -9999.0 -9999.0 -9999.0 -9999.0 -9999.0 -9999.0 199.634 197.862 195.068 192.79 190.511 188.312 186.598 185.885 185.472 184.029 183 183 183.127 183.442 182.87 180.663 178.228 176.667 175.916 176.195 176.68 177.6 178.115 178.322 178.756 178.271 176.905 174.419 171.419 168.133 164.419 161.786 159.492 155.164
-9999.0 -9999.0 -9999.0 -9999.0 -9999.0 -9999.0 -9999.0 -9999.0 -9999.0 -9999.0 -9999.0 -9999.0 -9999.0 -9999.0 -9999.0 -9999.0 -9999.0 -9999.0 -9999.0 -9999.0 -9999.0 -9999.0 -9999.0 -9999.0 -9999.0 -9999.0 -9999.0 -9999.0 -9999.0 -9999.0 -9999.0 -9999.0 -9999.0 199.427 197.061 193.862 190.782 187.583 184.87 183.236 182.721 182.641 182.522 182.641 182.442 182.156 181.442 180.949 179.308 178.152 178.123 179.123 180.203 181.402 182.115 182.035 181.756 181.271 180.191 178.419 175.419 172.34 168.854 165.22 163.072 161.698 157.266
-9999.0 -9999.0 -9999.0 -9999.0 -9999.0 -9999.0 -9999.0 -9999.0 -9999.0 -9999.0 -9999.0 -9999.0 -9999.0 -9999.0 -9999.0 -9999.0 -9999.0 -9999.0 -9999.0 -9999.0 -9999.0 -9999.0 -9999.0 -9999.0 -9999.0 -9999.0 -9999.0 -9999.0 -9999.0 -9999.0 -9999.0 -9999.0 -9999.0 198.949 196.575 192.942 189.934 186.34 183.587 182.637 182.756 182.271 181.764 181.992 181.119 180.515 179.92 179.594 179.359 179.844 180.924 182.123 183.409 185.043 185.558 185.271 184.191 182.992 181.706 179.419 176.419 173.133 169.133 165.706 164.199 163.141 158.788
-9999.0 -9999.0 -9999.0 -9999.0 -9999.0 -9999.0 -9999.0 -9999.0 -9999.0 -9999.0 -9999.0 -9999.0 -9999.0 -9999.0 -9999.0 -9999.0 -9999.0 -9999.0 -9999.0 -9999.0 -9999.0 -9999.0 -9999.0 -9999.0 -9999.0 -9999.0 -9999.0 -9999.0 -9999.0 -9999.0 -9999.0 -9999.0 -9999.0 196.877 195.178 192.148 189.942 187.174 185.115 185.322 185.55 184.47 183.558 183.351 182.343 180.955 180.191 179.565 180.565 181.645 183.051 184.645 186.051 187.279 187.279 186.912 185.507 183.912 182.427 180.22 177.419 174.133 170.133 166.626 164.634 162.942 159.154
-9999.0 -9999.0 -9999.0 -9999.0 -9999.0 -9999.0 -9999.0 -9999.0 -9999.0 -9999.0 -9999.0 -9999.0 -9999.0 -9999.0 -9999.0 -9999.0 -9999.0 -9999.0 -9999.0 -9999.0 -9999.0 -9999.0 -9999.0 -9999.0 -9999.0 -9999.0 -9999.0 -9999.0 -9999.0 -9999.0 -9999.0 -9999.0 -9999.0 193.678 192.75 191.308 189.945 189.195 189.314 189.035 188.39 186.786 185.478 185.279 185.072 184.064 182.263 181.043 181.764 182.772 184.286 185.573 187.286 188 187.92 187.148 185.435 184.228 182.427 180.427 178.141 174.854 170.934 167.419 164.706 162.786 160.205
-9999.0 -9999.0 -9999.0 -9999.0 -9999.0 -9999.0 -9999.0 -9999.0 -9999.0 -9999.0 -9999.0 -9999.0 -9999.0 -9999.0 -9999.0 -9999.0 -9999.0 -9999.0 -9999.0 -9999.0 -9999.0 -9999.0 -9999.0 -9999.0 -9999.0 -9999.0 -9999.0 -9999.0 -9999.0 -9999.0 -9999.0 -9999.0 -9999.0 190.602 191.16 191.637 192.123 193.123 193.55 192.47 190.778 188.47 187.191 186.279 186.279 185.992 184.866 183.836 183.756 183.684 184.286 185.493 187.088 188 187.634 186.148 184.435 183.355 181.87 179.949 177.862 174.655 171.141 168.22 165.786 164.271 162.492
-9999.0 -9999.0 -9999.0 -9999.0 -9999.0 -9999.0 -9999.0 -9999.0 -9999.0 -9999.0 -9999.0 -9999.0 -9999.0 -9999.0 -9999.0 -9999.0 -9999.0 -9999.0 -9999.0 -9999.0 -9999.0 -9999.0 -9999.0 -9999.0 -9999.0 -9999.0 -9999.0 -9999.0 -9999.0 -9999.0 -9999.0 -9999.0 -9999.0 190.051 191.852 193.565 194.565 195.485 195.714 194.507 192.786 190.985 188.985 187.398 187 186.793 186.279 186.279 186.072 185.191 184.406 185.008 186.214 187.442 186.949 185.068 183.076 181.671 179.87 178.156 176.663 173.862 170.942 168.427 166.714 165.714 164.22
-9999.0 -9999.0 -9999.0 -9999.0 -9999.0 -9999.0 -9999.0 -9999.0 -9999.0 -9999.0 -9999.0 -9999.0 -9999.0 -9999.0 -9999.0 -9999.0 -9999.0 -9999.0 -9999.0 -9999.0 -9999.0 -9999.0 -9999.0 -9999.0 -9999.0 -9999.0 -9999.0 -9999.0 -9999.0 -9999.0 -9999.0 -9999.0 -9999.0 191.286 192.413 193.729 194.729 195.522 195.515 194.793 193.992 192.626 190.347 188.228 186.92 186.721 186.721 186.721 186.801 186.507 184.912 184.047 184.53 185.442 185.076 183.304 180.591 178.797 177.392 175.877 174.591 172.384 169.79 167.671 166.156 165.156 163.949
-9999.0 -9999.0 -9999.0 -9999.0 -9999.0 -9999.0 -9999.0 -9999.0 -9999.0 -9999.0 -9999.0 -9999.0 -9999.0 -9999.0 -9999.0 -9999.0 -9999.0 -9999.0 -9999.0 -9999.0 -9999.0 -9999.0 -9999.0 -9999.0 -9999.0 -9999.0 -9999.0 -9999.0 -9999.0 -9999.0 -9999.0 -9999.0 -9999.0 190.53 191.522 191.928 192.729 193.809 194.721 194.801 194.714 193.061 189.702 186.877 185.957 185.522 185.721 185.721 185.928 186.236 185.068 182.79 181.657 182.885 182.232 179.747 176.953 174.834 173.32 172.4 171.312 169.312 167.105 164.797 163.519 162.32 161.4
-9999.0 -9999.0 -9999.0 -9999.0 -9999.0 -9999.0 -9999.0 -9999.0 -9999.0 -9999.0 -9999.0 -9999.0 -9999.0 -9999.0 -9999.0 -9999.0 -9999.0 -9999.0 -9999.0 -9999.0 -9999.0 -9999.0 -9999.0 -9999.0 -9999.0 -9999.0 -9999.0 -9999.0 -9999.0 -9999.0 -9999.0 -9999.0 -9999.0 187.737 189.45 190.244 190.729 192.015 193.522 193.928 194.236 192.575 188.289 184.275 183.164 183.45 184.323 184.721 184.641 184.363 183.304 180.224 177.932 178.049 177.269 174.468 171.468 169.041 168.041 167.327 166.834 164.953 162.754 160.675 158.476 156.762 155.969
-9999.0 -9999.0 -9999.0 -9999.0 -9999.0 -9999.0 -9999.0 -9999.0 -9999.0 -9999.0 -9999.0 -9999.0 -9999.0 -9999.0 -9999.0 -9999.0 -9999.0 -9999.0 -9999.0 -9999.0 -9999.0 -9999.0 -9999.0 -9999.0 -9999.0 -9999.0 -9999.0 -9999.0 -9999.0 -9999.0 -9999.0 -9999.0 -9999.0 185.055 186.251 187.45 188.53 189.936 191.45 192.164 192.164 191.098 187.01 182.663 180.641 180.729 182.015 183.442 183.076 181.797 180.026 176.659 172.794 170.69 169.998 167.99 165.269 162.961 161.842 161.327 161.041 159.388 156.316 153.552 150.56 148.647 147.727
-9999.0 -9999.0 -9999.0 -9999.0 -9999.0 -9999.0 -9999.0 -9999.0 -9999.0 -9999.0 -9999.0 -9999.0 -9999.0 -9999.0 -9999.0 -9999.0 -9999.0 -9999.0 -9999.0 -9999.0 -9999.0 -9999.0 -9999.0 -9999.0 -9999.0 -9999.0 -9999.0 -9999.0 -9999.0 -9999.0 -9999.0 -9999.0 -9999.0 183.076 182.737 184.53 186.015 187.649 188.45 189.244 189.442 188.663 185.369 181.427 179.714 179.286 180.413 181.363 180.511 178.312 175.866 171.895 166.735 162.324 160.926 159.719 157.998 156.277 155.049 154.969 154.404 152.345 148.265 143.987 139.994 137.368 136.655
-9999.0 -9999.0 -9999.0 -9999.0 -9999.0 -9999.0 -9999.0 -9999.0 -9999.0 -9999.0 -9999.0 -9999.0 -9999.0 -9999.0 -9999.0 -9999.0 -9999.0 -9999.0 -9999.0 -9999.0 -9999.0 -9999.0 -9999.0 -9999.0 -9999.0 -9999.0 -9999.0 -9999.0 -9999.0 -9999.0 -9999.0 -9999.0 -9999.0 180.989 179.577 181.259 183.458 184.965 185.45 186.45 187.244 187.029 185.014 181.985 180.191 179.406 179.641 179.076 177.224 174.152 170.975 166.094 160.322 154.308 151.404 150.285 149.483 148.483 147.77 147.404 145.838 142.987 138.421 133.143 128.31 125.368 124.735
-9999.0 -9999.0 -9999.0 -9999.0 -9999.0 -9999.0 -9999.0 -9999.0 -9999.0 -9999.0 -9999.0 -9999.0 -9999.0 -9999.0 -9999.0 -9999.0 -9999.0 -9999.0 -9999.0 -9999.0 -9999.0 -9999.0 -9999.0 -9999.0 -9999.0 -9999.0 -9999.0 -9999.0 -9999.0 -9999.0 -9999.0 -9999.0 -9999.0 179.575 176.562 176.943 179.538 181.45 182.53 183.729 184.809 185.721 185.228 183.427 181.347 179.355 177.996 176.232 173.54 169.739 165.659 160.887 154.601 148.014 143.316 141.491 141.205 140.285 139.61 138.56 135.994 132.222 126.936 121.016 116.074 113.727 113.419
-9999.0 -9999.0 -9999.0 -9999.0 -9999.0 -9999.0 -9999.0 -9999.0 -9999.0 -9999.0 -9999.0 -9999.0 -9999.0 -9999.0 -9999.0 -9999.0 -9999.0 -9999.0 -9999.0 -9999.0 -9999.0 -9999.0 -9999.0 -9999.0 -9999.0 -9999.0 -9999.0 -9999.0 -9999.0 -9999.0 -9999.0 -9999.0 -9999.0 178.575 175.068 173.856 175.744 178.251 179.737 181.53 182.936 184.244 184.156 182.79 180.304 177.431 174.747 171.667 168.548 165.46 161.174 155.887 149.601 142.521 136.022 132.69 132.285 131.61 130.56 128.074 124.708 120.222 115.016 109.581 105.433 103.491 103.571
-9999.0 -9999.0 -9999.0 -9999.0 -9999.0 -9999.0 -9999.0 -9999.0 -9999.0 -9999.0 -9999.0 -9999.0 -9999.0 -9999.0 -9999.0 -9999.0 -9999.0 -9999.0 -9999.0 -9999.0 -9999.0 -9999.0 -9999.0 -9999.0 -9999.0 -9999.0 -9999.0 -9999.0 -9999.0 -9999.0 -9999.0 -9999.0 -9999.0 177.655 174.141 171.76 171.943 174.538 176.737 178.737 180.53 181.649 181.877 180.224 176.946 173.46 169.587 165.903 162.476 159.903 155.696 150.609 144.322 136.876 129.131 124.602 123.411 122.639 120.353 117.273 113.581 108.86 104.059 99.505 96.556 95.327 95.534
-9999.0 -9999.0 -9999.0 -9999.0 -9999.0 -9999.0 -9999.0 -9999.0 -9999.0 -9999.0 -9999.0 -9999.0 -9999.0 -9999.0 -9999.0 -9999.0 -9999.0 -9999.0 -9999.0 -9999.0 -9999.0 -9999.0 -9999.0 -9999.0 -9999.0 -9999.0 -9999.0 -9999.0 -9999.0 -9999.0 -9999.0 -9999.0 -9999.0 177.22 174.419 171.34 169.333 171.023 173.737 175.737 177.737 179.164 178.797 176.739 172.659 168.301 163.616 158.983 155.675 152.983 149.261 144.887 138.441 130.104 121.338 116.99 114.682 113.197 110.91 107.624 103.704 99.903 95.776 92.033 90.4 89.805 89.526
-9999.0 -9999.0 -9999.0 -9999.0 -9999.0 -9999.0 -9999.0 -9999.0 -9999.0 -9999.0 -9999.0 -9999.0 -9999.0 -9999.0 -9999.0 -9999.0 -9999.0 -9999.0 -9999.0 -9999.0 -9999.0 -9999.0 -9999.0 -9999.0 -9999.0 -9999.0 -9999.0 -9999.0 -9999.0 -9999.0 -9999.0 -9999.0 -9999.0 177.786 175.698 172.332 168.833 168.341 170.458 172.458 174.458 175.805 174.953 172.182 167.895 162.609 156.895 152.388 149.189 146.349 143.667 139.609 132.749 123.256 114.174 110.033 107.953 105.754 103.548 100.54 97.026 93.899 90.743 88.427 86.84 86.076 84.877
