app/src/main/assets/7.asc
ncols 313
nrows 271
xllcorner 636373.250
yllcorner 3607260.789
cellsize 30
nodata_value -9999.0
[rows 150 to 179 of 271, columns 134 to 200 of 313]
80.877 80.164 80.816 83.588 86.809 86.862 83.782 81.076 80.577 82.466 86.325 92.978 102.116 113.968 126.96 138.872 149.299 157.36 162.222 164.45 165.37 165.965 166.244 167.015 169.095 171.374 173.78 176.008 177.008 177.928 179.015 181.015 183.095 185.501 187.809 188.515 188 187.714 186.714 185.793 184.992 184.072 183.351 183.123 184.203 185.895 188.123 189.043 188.985 186.905 184.34 181.427 179.634 178.594 177.866 176.057 173.336 170.248 165.882 160.603 155.277 150.694 148.458 147.31 148.288 151.503 156.025
78.833 77.721 78.501 81.588 84.936 85.304 81.938 78.312 76.885 77.744 81.604 88.543 98.521 110.895 124.769 137.594 147.941 155.516 159.458 161.171 161.885 162.251 163.53 165.015 167.382 170.501 173.095 175.008 175.928 176.442 177.015 179.015 181.302 184.095 186.374 188.08 188.279 187.992 186.992 186.279 186.152 185.836 185.916 186.402 187.608 189.329 190.844 191.478 190.706 188.34 184.854 181.347 179.228 178.286 179 178.507 176.786 174.492 170.197 164.476 159.328 156.386 155.466 155.158 156.246 158.452 161.3
79.141 76.92 77.214 79.508 82.45 82.304 78.731 74.511 72.965 74.103 78.241 85.586 95.792 107.293 121.102 134.757 144.898 151.752 155.179 156.893 157.766 158.737 160.816 163.095 165.787 169.015 171.302 173.729 174.442 174.442 174.936 176.816 179.302 182.462 185.859 188.286 189.08 188.992 188.072 187.558 187.844 188.558 188.924 190.043 190.924 192.043 192.764 192.912 191.347 188.575 184.655 181.141 178.793 178.485 179 178.634 177.355 175.823 173.166 169.121 165.012 162.306 161.394 161.394 161.807 163.329 164.844
79.817 76.912 76.207 77.421 79.45 79.224 75.453 71.185 69.889 72.306 77.643 85.621 95.103 104.64 116.537 129.478 139.619 146.473 149.9 151.694 153.339 155.816 158.302 161.302 164.302 167.095 169.501 171.729 172.522 172.721 173.008 174.581 177.581 181.154 185.581 188.088 189.286 189.793 189.279 189.279 189.565 190.359 191.051 192.359 193.051 194.359 194.398 193.347 190.862 187.575 183.942 181.22 179.279 179.279 179.199 178.427 176.507 175.279 175.232 174.495 171.726 168.02 166.314 166.035 165.836 166.043 166.764
82.324 77.905 76.119 75.928 76.649 75.938 71.532 68.117 69.179 73.834 80.327 88.255 95.758 101.781 111.17 123.2 133.34 140.274 143.98 146.419 149.588 153.382 156.66 159.859 162.859 165.78 168.294 170.008 171.008 171.721 172.088 173.859 176.859 180.352 184.581 187.374 189.207 189.721 189.721 189.721 190.008 191.008 192.088 193.286 194.366 195.485 195.427 193.061 189.782 186.376 183.148 181.228 180.08 180.279 180.072 178.985 177.271 176.637 177.409 178.916 177.842 173.574 170.47 169.271 168.558 168.558 168.558
85.118 79.817 76.626 74.92 74.562 72.811 68.376 66.614 70.762 77.276 83.483 89.965 94.943 98.524 105.757 116.677 126.619 133.84 138.705 142.955 148.027 152.504 156.624 160.138 163.058 165.653 167.772 169.366 170.485 171.08 171.772 173.859 176.859 180.066 183.581 186.501 188.442 188.442 188.442 188.442 188.729 189.729 191.015 192.809 194.294 195.721 195.148 192.655 188.774 184.862 182.148 180.515 180.286 181.08 181.279 180.786 179.351 179.043 180.051 181.645 181.858 178.476 173.661 171.55 170.836 170.836 170.916
88.316 82.324 77.698 75.032 73.068 70.297 66.903 67.276 73.196 78.838 84.36 89.222 91.657 94.397 101.155 111.471 120.978 128.763 135.241 141.6 148.077 153.99 158.497 161.616 164.13 166.257 168.366 169.772 171.08 171.645 172.844 174.257 176.78 179.581 182.501 184.936 186.164 186.164 186.164 186.244 186.729 187.809 189.214 191.015 193.095 194.721 194.148 191.862 188.289 183.862 181.228 180 180.286 181.286 182 181.793 181.279 181.279 181.565 182.772 183.873 182.285 178.049 175.028 174.115 174.115 174.322
91.95 84.919 79.897 76.412 72.618 68.973 66.088 68.639 74.154 78.867 82.994 86.657 88.251 90.882 97.742 106.948 116.543 125.615 133.886 141.57 149.284 155.791 160.624 163.852 165.772 167.286 168.573 170.366 171.565 172.852 174.565 175.485 176.493 178.421 180.657 182.171 182.965 183.164 183.244 183.729 184.729 186.015 187.809 189.294 191.501 193.522 193.148 190.862 187.369 183.141 180.714 180.08 180.485 181.207 181.721 181.721 181.721 181.721 181.928 182.729 183.649 183.704 181.858 179.542 178.035 177.916 178.115
94.86 87.404 82.77 78.969 74.889 70.197 66.289 67.994 72.676 77.588 81.302 83.569 84.538 88.042 95.22 104.021 113.307 123.307 133.1 142.093 150.085 156.918 161.859 164.573 166.207 167.008 168.294 170.294 172.167 173.772 175.286 176 176.127 176.729 177.649 178.37 179.171 179.965 180.53 181.809 183.088 184.493 186.294 188.294 190.294 191.928 191.949 189.862 186.655 183.141 180.793 180.485 181 180.92 180.721 180.721 180.721 180.721 180.721 180.848 181.244 182.015 183.475 183.304 182.306 181.521 181.916
96.353 90.205 85.977 82.69 78.484 73.763 69.455 67.495 70.002 75.19 79.142 80.758 81.541 86.491 94.212 102.22 111.307 121.307 131.307 141.021 149.734 156.875 161.382 164.214 165.442 165.729 167.015 169.095 171.581 174.088 175.286 175.92 175.435 174.848 175.164 175.164 175.53 176.809 178.294 180.294 182.374 184.286 185.573 187.493 189.294 190.721 190.435 188.862 186.022 183.499 181.478 181.279 181.199 180.714 179.84 179.442 179.442 179.442 179.442 179.236 179.008 180.214 182.462 185.733 187.144 185.749 184.963
97.441 92.492 88.977 85.69 81.69 77.77 73.969 70.096 68.304 71.723 76.052 77.61 80.52 87.005 94.005 101.292 109.785 119.586 129.506 139.021 147.654 154.676 159.588 162.649 163.244 163.729 165.015 167.302 170.382 173.294 175.008 175.435 174.355 173.156 172.363 172.244 172.936 174.816 177.015 179.095 181.581 184.088 185.573 187.286 188.493 189.641 189.236 187.942 185.714 184.507 182.992 182.279 181.912 180.634 179.148 177.641 177.442 177.522 177.801 178 178.366 179.565 181.551 185.867 188.881 188.706 186.912
97.456 94.061 90.862 87.655 83.934 80.34 76.934 72.926 69.111 68.906 72.103 75.462 80.085 87.284 94.284 101.491 109.498 118.586 128.299 137.22 145.448 152.161 157.508 160.244 160.729 161.809 163.294 165.581 168.787 172.095 174.008 174.435 173.148 171.435 170.355 169.649 170.53 172.222 174.816 177.382 180.581 183.374 185.573 187.286 188.207 188.515 187.92 187.228 185.714 184.793 183.992 183.119 182.148 180.148 178.148 176.435 175.721 176.088 177.286 178.08 178.852 180.565 182.058 184.986 188.095 189.228 187.347
95.79 92.938 88.946 86.066 83.862 80.575 76.862 73.815 70.698 68.684 70.066 74.393 80.849 88.563 95.483 102.284 109.57 118.064 127.578 136.292 144.005 150.719 155.78 158.088 159.286 160.573 162.493 164.581 167.581 170.581 172.928 173.156 171.87 170.076 168.671 167.442 167.936 169.816 172.382 175.867 179.66 182.939 185.852 187.485 187.92 187.721 187.435 186.515 185.714 185 184.714 183.427 181.427 179.347 177.148 175.515 175.08 175.772 177.366 178.645 180.051 181.565 182.772 184.493 186.501 188.236 186.862
93.304 89.572 84.62 82.61 82.942 79.694 75.503 72.877 71.544 69.793 70.218 74.769 82.57 90.364 97.276 103.563 110.849 119.056 127.857 136.57 144.284 150.918 155.573 157.573 159.286 160.573 162.286 163.78 166.581 169.501 171.442 171.156 169.87 167.87 166.076 165.164 165.53 167.302 170.588 174.668 178.947 183.066 186.294 187.721 187.435 186.641 186.156 185.442 185.316 184.92 184.515 183.427 181.347 178.862 176.228 175 175.366 176.645 178.13 180.051 181.565 182.565 183.406 183.928 184.856 185.965 185.464
90.026 86.199 81.507 81.138 82.546 78.763 72.659 69.479 69.164 69.403 71.465 77.12 84.247 91.769 99.077 105.563 112.849 120.929 129.414 138.128 145.762 151.99 156.13 158.051 159.565 160.852 162.565 163.772 165.78 168.134 169.164 168.797 167.312 165.232 163.113 161.885 162.538 165.103 168.588 172.875 177.875 182.382 185.294 186.641 186.156 185.156 184.156 183.442 183.729 184.316 183.92 183.148 180.942 178.141 175.793 175.279 175.852 177.772 179.573 181.366 182.565 183.485 183.714 182.92 182.641 182.729 183.236
86.105 83.304 80.957 81.302 82.217 76.586 68.811 65.809 66.801 67.939 72.73 80.842 87.395 93.284 100.284 107.284 114.65 123.136 132.136 140.849 148.276 153.91 157.852 159.565 160.565 161.772 163.286 164.286 165.413 166.442 166.363 165.511 163.152 160.468 158.121 157.686 158.744 162.111 166.389 170.955 176.154 180.787 184.015 185.236 184.435 183.435 182.435 181.721 182.088 183.207 183.515 182.427 180.427 178.22 176.279 176.279 176.852 178.565 179.852 181.852 183.485 183.92 183.435 182.435 181.435 180.928 181.522
82.431 79.827 77.805 78.146 78.219 73.029 67.174 65.688 67.481 69.38 74.541 83.284 89.425 94.204 101.005 108.005 115.658 124.857 133.857 142.491 149.719 155.066 158.374 160.286 161.366 162.565 163.565 164.485 164.92 164.641 163.916 161.667 158.182 154.468 152.327 152.694 154.625 158.676 163.955 169.36 174.955 179.581 182.294 183.721 183.435 182.515 181.714 181 181.493 182.801 182.92 182.228 180.507 178.786 177.478 177.199 177.573 179.366 180.772 182.493 183.721 183.515 182.634 181.435 180.435 179.721 180.008
79.137 74.993 72.164 69.969 67.561 66.124 67.444 69.569 72.047 74.086 77.167 84.204 90.146 94.639 100.647 107.528 115.586 125.299 134.379 143.005 149.719 154.859 157.78 160.088 161.573 163.286 164.286 164.92 164.355 162.996 160.659 156.38 152.182 148.468 146.327 147.06 150.397 155.962 162.241 168.154 173.36 178.382 181.294 182.721 182.515 182 181.714 181.08 181.485 182.207 182.515 181.793 180.992 179.992 178.992 177.992 177.852 179.772 181.286 182.286 183 183 182.427 180.714 179.714 178.92 179.008
76.683 69.328 61.743 55.343 51.214 54.234 64.693 72.584 76.616 78.637 80.029 84.639 89.787 93.795 98.962 105.734 114.307 124.1 133.506 142.448 149.161 154.302 157.095 159.294 161.294 163.088 164.207 164.355 162.79 160.145 156.174 151.094 146.102 142.269 140.407 141.832 146.684 153.249 160.448 167.034 172.432 177.066 180.294 181.801 182 182 181.793 181.485 182 182 182 182 181.714 180.714 179.793 179.072 179.051 180.565 181.565 182.485 183 182.92 182.148 180.435 179.435 178.435 178.008
74.656 62.044 48.225 39.183 37.025 43.872 60.661 74.196 78.772 80.286 81.573 84.273 88.302 91.429 95.89 103.256 112.028 122.028 131.742 140.249 147.081 152.103 155.302 158.015 160.095 162.214 163.363 162.591 160.145 156.174 151.094 145.529 139.776 136.113 135.251 137.596 143.249 150.814 158.806 166.005 172.352 176.581 179.214 180.809 181.721 181.801 182.08 182.279 182.199 182 182 181.92 181.515 180.793 180.279 180.279 180.485 181.366 182.485 183 182.92 182.355 180.949 179.435 178.435 177.435 176.928
73.495 54.916 37.057 29.193 29.676 39.045 59.096 75.711 79.406 79.928 81.175 83.78 86.341 88.458 91.89 99.463 108.75 118.75 128.543 137.455 144.676 149.508 153.023 155.816 158.142 160.171 160.519 158.874 155.696 150.815 145.25 139.004 133.747 131.479 131.816 135.034 141.292 149.578 158.292 165.925 171.947 175.78 178.008 179.214 180.522 181.008 182.008 182.801 182.714 181.92 181.721 181.515 181 181 181.08 181.279 181.279 181.772 183 182.92 182.435 181.148 179.435 178.355 177.156 176.236 175.641
-9999.0 -9999.0 -9999.0 -9999.0 -9999.0 -9999.0 -9999.0 -9999.0 -9999.0 -9999.0 -9999.0 -9999.0 -9999.0 -9999.0 -9999.0 -9999.0 -9999.0 -9999.0 -9999.0 -9999.0 -9999.0 -9999.0 -9999.0 -9999.0 -9999.0 -9999.0 -9999.0 -9999.0 -9999.0 -9999.0 -9999.0 -9999.0 -9999.0 -9999.0 -9999.0 -9999.0 -9999.0 -9999.0 -9999.0 -9999.0 -9999.0 -9999.0 -9999.0 -9999.0 -9999.0 -9999.0 -9999.0 -9999.0 -9999.0 -9999.0 -9999.0 -9999.0 -9999.0 -9999.0 -9999.0 -9999.0 -9999.0 -9999.0 -9999.0 -9999.0 -9999.0 -9999.0 -9999.0 -9999.0 -9999.0 -9999.0 -9999.0
-9999.0 -9999.0 -9999.0 -9999.0 -9999.0 -9999.0 -9999.0 -9999.0 -9999.0 -9999.0 -9999.0 -9999.0 -9999.0 -9999.0 -9999.0 -9999.0 -9999.0 -9999.0 -9999.0 -9999.0 -9999.0 -9999.0 -9999.0 -9999.0 -9999.0 -9999.0 -9999.0 -9999.0 -9999.0 -9999.0 -9999.0 -9999.0 -9999.0 -9999.0 -9999.0 -9999.0 -9999.0 -9999.0 -9999.0 -9999.0 -9999.0 -9999.0 -9999.0 -9999.0 -9999.0 -9999.0 -9999.0 -9999.0 -9999.0 -9999.0 -9999.0 -9999.0 -9999.0 -9999.0 -9999.0 -9999.0 -9999.0 -9999.0 -9999.0 -9999.0 -9999.0 -9999.0 -9999.0 -9999.0 -9999.0 -9999.0 -9999.0
-9999.0 -9999.0 -9999.0 -9999.0 -9999.0 -9999.0 -9999.0 -9999.0 -9999.0 -9999.0 -9999.0 -9999.0 -9999.0 -9999.0 -9999.0 -9999.0 -9999.0 -9999.0 -9999.0 -9999.0 -9999.0 -9999.0 -9999.0 -9999.0 -9999.0 -9999.0 -9999.0 -9999.0 -9999.0 -9999.0 -9999.0 -9999.0 -9999.0 -9999.0 -9999.0 -9999.0 -9999.0 -9999.0 -9999.0 -9999.0 -9999.0 -9999.0 -9999.0 -9999.0 -9999.0 -9999.0 -9999.0 -9999.0 -9999.0 -9999.0 -9999.0 -9999.0 -9999.0 -9999.0 -9999.0 -9999.0 -9999.0 -9999.0 -9999.0 -9999.0 -9999.0 -9999.0 -9999.0 -9999.0 -9999.0 -9999.0 -9999.0
-9999.0 -9999.0 -9999.0 -9999.0 -9999.0 -9999.0 -9999.0 -9999.0 -9999.0 -9999.0 -9999.0 -9999.0 -9999.0 -9999.0 -9999.0 -9999.0 -9999.0 -9999.0 -9999.0 -9999.0 -9999.0 -9999.0 -9999.0 -9999.0 -9999.0 -9999.0 -9999.0 -9999.0 -9999.0 -9999.0 -9999.0 -9999.0 -9999.0 -9999.0 -9999.0 -9999.0 -9999.0 -9999.0 -9999.0 -9999.0 -9999.0 -9999.0 -9999.0 -9999.0 -9999.0 -9999.0 -9999.0 -9999.0 -9999.0 -9999.0 -9999.0 -9999.0 -9999.0 -9999.0 -9999.0 -9999.0 -9999.0 -9999.0 -9999.0 -9999.0 -9999.0 -9999.0 -9999.0 -9999.0 -9999.0 -9999.0 -9999.0
-9999.0 -9999.0 -9999.0 -9999.0 -9999.0 -9999.0 -9999.0 -9999.0 -9999.0 -9999.0 -9999.0 -9999.0 -9999.0 -9999.0 -9999.0 -9999.0 -9999.0 -9999.0 -9999.0 -9999.0 -9999.0 -9999.0 -9999.0 -9999.0 -9999.0 -9999.0 -9999.0 -9999.0 -9999.0 -9999.0 -9999.0 -9999.0 -9999.0 -9999.0 -9999.0 -9999.0 -9999.0 -9999.0 -9999.0 -9999.0 -9999.0 -9999.0 -9999.0 -9999.0 -9999.0 -9999.0 -9999.0 -9999.0 -9999.0 -9999.0 -9999.0 -9999.0 -9999.0 -9999.0 -9999.0 -9999.0 -9999.0 -9999.0 -9999.0 -9999.0 -9999.0 -9999.0 -9999.0 -9999.0 -9999.0 -9999.0 -9999.0
-9999.0 -9999.0 -9999.0 -9999.0 -9999.0 -9999.0 -9999.0 -9999.0 -9999.0 -9999.0 -9999.0 -9999.0 -9999.0 -9999.0 -9999.0 -9999.0 -9999.0 -9999.0 -9999.0 -9999.0 -9999.0 -9999.0 -9999.0 -9999.0 -9999.0 -9999.0 -9999.0 -9999.0 -9999.0 -9999.0 -9999.0 -9999.0 -9999.0 -9999.0 -9999.0 -9999.0 -9999.0 -9999.0 -9999.0 -9999.0 -9999.0 -9999.0 -9999.0 -9999.0 -9999.0 -9999.0 -9999.0 -9999.0 -9999.0 -9999.0 -9999.0 -9999.0 -9999.0 -9999.0 -9999.0 -9999.0 -9999.0 -9999.0 -9999.0 -9999.0 -9999.0 -9999.0 -9999.0 -9999.0 -9999.0 -9999.0 -9999.0
-9999.0 -9999.0 -9999.0 -9999.0 -9999.0 -9999.0 -9999.0 -9999.0 -9999.0 -9999.0 -9999.0 -9999.0 -9999.0 -9999.0 -9999.0 -9999.0 -9999.0 -9999.0 -9999.0 -9999.0 -9999.0 -9999.0 -9999.0 -9999.0 -9999.0 -9999.0 -9999.0 -9999.0 -9999.0 -9999.0 -9999.0 -9999.0 -9999.0 -9999.0 -9999.0 -9999.0 -9999.0 -9999.0 -9999.0 -9999.0 -9999.0 -9999.0 -9999.0 -9999.0 -9999.0 -9999.0 -9999.0 -9999.0 -9999.0 -9999.0 -9999.0 -9999.0 -9999.0 -9999.0 -9999.0 -9999.0 -9999.0 -9999.0 -9999.0 -9999.0 -9999.0 -9999.0 -9999.0 -9999.0 -9999.0 -9999.0 -9999.0
-9999.0 -9999.0 -9999.0 -9999.0 -9999.0 -9999.0 -9999.0 -9999.0 -9999.0 -9999.0 -9999.0 -9999.0 -9999.0 -9999.0 -9999.0 -9999.0 -9999.0 -9999.0 -9999.0 -9999.0 -9999.0 -9999.0 -9999.0 -9999.0 -9999.0 -9999.0 -9999.0 -9999.0 -9999.0 -9999.0 -9999.0 -9999.0 -9999.0 -9999.0 -9999.0 -9999.0 -9999.0 -9999.0 -9999.0 -9999.0 -9999.0 -9999.0 -9999.0 -9999.0 -9999.0 -9999.0 -9999.0 -9999.0 -9999.0 -9999.0 -9999.0 -9999.0 -9999.0 -9999.0 -9999.0 -9999.0 -9999.0 -9999.0 -9999.0 -9999.0 -9999.0 -9999.0 -9999.0 -9999.0 -9999.0 -9999.0 -9999.0
-9999.0 -9999.0 -9999.0 -9999.0 -9999.0 -9999.0 -9999.0 -9999.0 -9999.0 -9999.0 -9999.0 -9999.0 -9999.0 -9999.0 -9999.0 -9999.0 -9999.0 -9999.0 -9999.0 -9999.0 -9999.0 -9999.0 -9999.0 -9999.0 -9999.0 -9999.0 -9999.0 -9999.0 -9999.0 -9999.0 -9999.0 -9999.0 -9999.0 -9999.0 -9999.0 -9999.0 -9999.0 -9999.0 -9999.0 -9999.0 -9999.0 -9999.0 -9999.0 -9999.0 -9999.0 -9999.0 -9999.0 -9999.0 -9999.0 -9999.0 -9999.0 -9999.0 -9999.0 -9999.0 -9999.0 -9999.0 -9999.0 -9999.0 -9999.0 -9999.0 -9999.0 -9999.0 -9999.0 -9999.0 -9999.0 -9999.0 -9999.0
