app/src/main/assets/7.asc
ncols 313
nrows 271
xllcorner 636373.250
yllcorner 3607260.789
cellsize 30
nodata_value -9999.0
[rows 90 to 119 of 271, columns 134 to 200 of 313]
-9999.0 -9999.0 -9999.0 -9999.0 -9999.0 -9999.0 -9999.0 -9999.0 -9999.0 -9999.0 -9999.0 -9999.0 -9999.0 -9999.0 -9999.0 -9999.0 -9999.0 -9999.0 -9999.0 -9999.0 -9999.0 -9999.0 -9999.0 -9999.0 -9999.0 -9999.0 -9999.0 -9999.0 -9999.0 -9999.0 -9999.0 -9999.0 -9999.0 -9999.0 -9999.0 -9999.0 -9999.0 -9999.0 -9999.0 -9999.0 -9999.0 -9999.0 -9999.0 -9999.0 -9999.0 -9999.0 -9999.0 -9999.0 -9999.0 -9999.0 -9999.0 -9999.0 -9999.0 -9999.0 -9999.0 -9999.0 -9999.0 -9999.0 -9999.0 -9999.0 -9999.0 -9999.0 -9999.0 -9999.0 -9999.0 -9999.0 -9999.0
-9999.0 -9999.0 -9999.0 -9999.0 -9999.0 -9999.0 -9999.0 -9999.0 -9999.0 -9999.0 -9999.0 -9999.0 -9999.0 -9999.0 -9999.0 -9999.0 -9999.0 -9999.0 -9999.0 -9999.0 -9999.0 -9999.0 -9999.0 -9999.0 -9999.0 -9999.0 -9999.0 -9999.0 -9999.0 -9999.0 -9999.0 -9999.0 -9999.0 -9999.0 -9999.0 -9999.0 -9999.0 -9999.0 -9999.0 -9999.0 -9999.0 -9999.0 -9999.0 -9999.0 -9999.0 -9999.0 -9999.0 -9999.0 -9999.0 -9999.0 -9999.0 -9999.0 -9999.0 -9999.0 -9999.0 -9999.0 -9999.0 -9999.0 -9999.0 -9999.0 -9999.0 -9999.0 -9999.0 -9999.0 -9999.0 -9999.0 -9999.0
-9999.0 -9999.0 -9999.0 -9999.0 -9999.0 -9999.0 -9999.0 -9999.0 -9999.0 -9999.0 -9999.0 -9999.0 -9999.0 -9999.0 -9999.0 -9999.0 -9999.0 -9999.0 -9999.0 -9999.0 -9999.0 -9999.0 -9999.0 -9999.0 -9999.0 -9999.0 -9999.0 -9999.0 -9999.0 -9999.0 -9999.0 -9999.0 -9999.0 -9999.0 -9999.0 -9999.0 -9999.0 -9999.0 -9999.0 -9999.0 -9999.0 -9999.0 -9999.0 -9999.0 -9999.0 -9999.0 -9999.0 -9999.0 -9999.0 -9999.0 -9999.0 -9999.0 -9999.0 -9999.0 -9999.0 -9999.0 -9999.0 -9999.0 -9999.0 -9999.0 -9999.0 -9999.0 -9999.0 -9999.0 -9999.0 -9999.0 -9999.0
-9999.0 -9999.0 -9999.0 -9999.0 -9999.0 -9999.0 -9999.0 -9999.0 -9999.0 -9999.0 -9999.0 -9999.0 -9999.0 -9999.0 -9999.0 -9999.0 -9999.0 -9999.0 -9999.0 -9999.0 -9999.0 -9999.0 -9999.0 -9999.0 -9999.0 -9999.0 -9999.0 -9999.0 -9999.0 -9999.0 -9999.0 -9999.0 -9999.0 -9999.0 -9999.0 -9999.0 -9999.0 -9999.0 -9999.0 -9999.0 -9999.0 -9999.0 -9999.0 -9999.0 -9999.0 -9999.0 -9999.0 -9999.0 -9999.0 -9999.0 -9999.0 -9999.0 -9999.0 -9999.0 -9999.0 -9999.0 -9999.0 -9999.0 -9999.0 -9999.0 -9999.0 -9999.0 -9999.0 -9999.0 -9999.0 -9999.0 -9999.0
-9999.0 -9999.0 -9999.0 -9999.0 -9999.0 -9999.0 -9999.0 -9999.0 -9999.0 -9999.0 -9999.0 -9999.0 -9999.0 -9999.0 -9999.0 -9999.0 -9999.0 -9999.0 -9999.0 -9999.0 -9999.0 -9999.0 -9999.0 -9999.0 -9999.0 -9999.0 -9999.0 -9999.0 -9999.0 -9999.0 -9999.0 -9999.0 -9999.0 -9999.0 -9999.0 -9999.0 -9999.0 -9999.0 -9999.0 -9999.0 -9999.0 -9999.0 -9999.0 -9999.0 -9999.0 -9999.0 -9999.0 -9999.0 -9999.0 -9999.0 -9999.0 -9999.0 -9999.0 -9999.0 -9999.0 -9999.0 -9999.0 -9999.0 -9999.0 -9999.0 -9999.0 -9999.0 -9999.0 -9999.0 -9999.0 -9999.0 -9999.0
-9999.0 -9999.0 -9999.0 -9999.0 -9999.0 -9999.0 -9999.0 -9999.0 -9999.0 -9999.0 -9999.0 -9999.0 -9999.0 -9999.0 -9999.0 -9999.0 -9999.0 -9999.0 -9999.0 -9999.0 -9999.0 -9999.0 -9999.0 -9999.0 -9999.0 -9999.0 -9999.0 -9999.0 -9999.0 -9999.0 -9999.0 -9999.0 -9999.0 -9999.0 -9999.0 -9999.0 -9999.0 -9999.0 -9999.0 -9999.0 -9999.0 -9999.0 -9999.0 -9999.0 -9999.0 -9999.0 -9999.0 -9999.0 -9999.0 -9999.0 -9999.0 -9999.0 -9999.0 -9999.0 -9999.0 -9999.0 -9999.0 -9999.0 -9999.0 -9999.0 -9999.0 -9999.0 -9999.0 -9999.0 -9999.0 -9999.0 -9999.0
-9999.0 -9999.0 -9999.0 -9999.0 -9999.0 -9999.0 -9999.0 -9999.0 -9999.0 -9999.0 -9999.0 -9999.0 -9999.0 -9999.0 -9999.0 -9999.0 -9999.0 -9999.0 -9999.0 -9999.0 -9999.0 -9999.0 -9999.0 -9999.0 -9999.0 -9999.0 -9999.0 -9999.0 -9999.0 -9999.0 -9999.0 -9999.0 -9999.0 -9999.0 -9999.0 -9999.0 -9999.0 -9999.0 -9999.0 -9999.0 -9999.0 -9999.0 -9999.0 -9999.0 -9999.0 -9999.0 -9999.0 -9999.0 -9999.0 -9999.0 -9999.0 -9999.0 -9999.0 -9999.0 -9999.0 -9999.0 -9999.0 -9999.0 -9999.0 -9999.0 -9999.0 -9999.0 -9999.0 -9999.0 -9999.0 -9999.0 -9999.0
-9999.0 -9999.0 -9999.0 -9999.0 -9999.0 -9999.0 -9999.0 -9999.0 -9999.0 -9999.0 -9999.0 -9999.0 -9999.0 -9999.0 -9999.0 -9999.0 -9999.0 -9999.0 -9999.0 -9999.0 -9999.0 -9999.0 -9999.0 -9999.0 -9999.0 -9999.0 -9999.0 -9999.0 -9999.0 -9999.0 -9999.0 -9999.0 -9999.0 -9999.0 -9999.0 -9999.0 -9999.0 -9999.0 -9999.0 -9999.0 -9999.0 -9999.0 -9999.0 -9999.0 -9999.0 -9999.0 -9999.0 -9999.0 -9999.0 -9999.0 -9999.0 -9999.0 -9999.0 -9999.0 -9999.0 -9999.0 -9999.0 -9999.0 -9999.0 -9999.0 -9999.0 -9999.0 -9999.0 -9999.0 -9999.0 -9999.0 -9999.0
-9999.0 -9999.0 -9999.0 -9999.0 -9999.0 -9999.0 -9999.0 -9999.0 -9999.0 -9999.0 -9999.0 -9999.0 -9999.0 -9999.0 -9999.0 -9999.0 -9999.0 -9999.0 -9999.0 -9999.0 -9999.0 -9999.0 -9999.0 -9999.0 -9999.0 -9999.0 -9999.0 -9999.0 -9999.0 -9999.0 -9999.0 -9999.0 -9999.0 -9999.0 -9999.0 -9999.0 -9999.0 -9999.0 -9999.0 -9999.0 -9999.0 -9999.0 -9999.0 -9999.0 -9999.0 -9999.0 -9999.0 -9999.0 -9999.0 -9999.0 -9999.0 -9999.0 -9999.0 -9999.0 -9999.0 -9999.0 -9999.0 -9999.0 -9999.0 -9999.0 -9999.0 -9999.0 -9999.0 -9999.0 -9999.0 -9999.0 -9999.0
-9999.0 -9999.0 -9999.0 -9999.0 -9999.0 -9999.0 -9999.0 -9999.0 -9999.0 -9999.0 -9999.0 -9999.0 -9999.0 -9999.0 -9999.0 -9999.0 -9999.0 -9999.0 -9999.0 -9999.0 -9999.0 -9999.0 -9999.0 -9999.0 -9999.0 -9999.0 -9999.0 -9999.0 -9999.0 -9999.0 -9999.0 -9999.0 -9999.0 -9999.0 -9999.0 -9999.0 -9999.0 -9999.0 -9999.0 -9999.0 -9999.0 -9999.0 -9999.0 -9999.0 -9999.0 -9999.0 -9999.0 -9999.0 -9999.0 -9999.0 -9999.0 -9999.0 -9999.0 -9999.0 -9999.0 -9999.0 -9999.0 -9999.0 -9999.0 -9999.0 -9999.0 -9999.0 -9999.0 -9999.0 -9999.0 -9999.0 -9999.0
175.986 179.382 181.594 180.786 178.985 177.271 176.558 176.844 177.558 177.637 177.55 176.756 176.271 175.764 176.692 178.008 178.928 179.442 179.363 178.877 177.671 176.076 174.178 170.575 166.082 160.154 153.919 148.484 143.969 140.336 138.107 137.107 136.394 136.107 135.474 135.306 133.534 130.741 128.382 125.332 121.34 117.281 111.361 105.56 99.926 95.571 93.195 93.84 95.318 96.803 98.517 99.024 98.143 96.657 95.15 95.158 94.86 90.751 84.045 79.133 75.34 72.267 70.363 70.164 70.29 70.893 72.099
175.891 177.787 180.968 181.992 180.706 178.992 178.279 178.565 179.359 179.764 179.992 178.992 177.912 176.92 176.641 176.569 176.885 176.885 176.598 175.598 174.598 173.392 171.591 169.098 165.09 160.369 155.727 151.412 147.571 144.462 142.55 141.63 141.035 140.63 140.242 139.985 137.618 134.419 131.053 126.488 121.496 116.724 111.09 106.242 101.571 98.702 98.119 100.01 102.684 105.162 107.074 107.788 107.215 105.135 103.222 102.349 100.359 94.022 86.237 80.252 75.694 71.297 68.156 67.442 67.156 66.649 67.45
176.793 176.978 179.947 182.793 181.706 179.992 179.199 179.286 180.286 181 180.793 179.912 178.427 176.554 175.076 173.877 173.084 172.805 172.32 171.32 170.4 169.598 168.312 166.105 163.178 159.655 156.061 152.655 149.507 147.499 145.271 144.478 143.912 142.92 142.435 140.989 138.018 134.145 130.174 124.967 119.453 114.326 109.456 106.3 104.144 103.355 104.811 107.764 110.854 114.368 116.875 117.708 116.856 114.451 112.143 110.577 106.866 99.094 90.381 82.714 76.038 70.172 66.355 65.442 65.156 64.363 64.45
177.08 177.485 179.352 182.961 182.825 180.634 179.515 179.207 180.008 180.801 181 180.427 178.347 175.862 173.068 170.996 169.519 168.32 167.32 166.32 165.526 165.121 164.113 162.312 160.392 158.384 155.376 151.942 149.634 148.228 146.634 145.355 143.87 142.076 140.718 138.46 134.38 129.895 124.895 119.975 115.334 111.178 108.308 107.152 107.076 108.532 111.692 115.583 119.891 123.09 125.723 126.745 125.371 122.577 120.458 118.371 113.859 105.453 96.859 88.373 79.786 72.309 66.382 64.398 63.634 62.435 61.848
177.207 177.721 178.947 182.859 183.854 180.427 179 179 179.286 180.286 181 180.507 178.419 175.419 172.34 168.981 165.79 163.797 162.598 161.519 160.4 159.805 159.32 158.193 156.877 155.591 153.384 150.949 149.148 147.355 145.87 143.79 141.511 139.232 136.667 133.102 128.696 123.975 119.254 114.819 111.464 109.308 108.438 109.282 111.333 114.612 118.304 122.898 127.097 130.731 132.959 133.593 132.614 129.733 127.028 125.336 120.975 112.66 104.453 95.652 86.652 77.938 70.925 67.02 64.741 62.589 60.912
176.244 176.522 178.154 182.581 183.575 180.148 178.721 178.801 179.286 180.286 181 180.793 179.499 176.618 173.133 168.767 164.061 161.148 159.355 157.87 156.283 155.678 154.957 154.442 154.156 152.949 151.148 149.435 148.148 146.148 144.068 141.583 138.503 135.224 131.659 127.254 122.659 118.54 114.899 111.743 109.793 109.438 110.569 113.333 116.898 121.097 125.097 129.304 133.818 137.246 138.959 139.226 137.542 134.969 131.542 129.622 126.548 119.74 111.938 103.732 94.931 86.297 79.069 73.769 70.211 66.447 62.741
173.45 174.53 176.955 181.581 182.655 179.427 178 178.286 179.286 180.207 180.801 180.92 180.228 178.014 174.332 169.64 164.412 160.905 158.626 156.427 154.427 152.92 152.721 152.721 152.435 151.435 150.148 148.435 147.148 145.148 142.942 140.061 136.496 132.297 128.01 123.297 119.09 114.942 112.507 111.072 110.717 111.768 114.46 118.421 123.105 127.898 132.097 136.017 139.739 142.967 144.521 143.977 141.184 138.412 134.985 133.431 132.002 127.145 119.66 111.74 103.732 95.504 88.71 82.718 77.359 71.882 67.096
170.53 172.175 175.639 180.581 181.862 179.228 178.08 178.485 179.207 179.721 179.928 180.316 179.714 178.427 175.807 171.404 166.69 162.977 159.977 157.184 154.985 153.271 152.478 152.279 151.992 150.992 149.786 148.271 146.985 144.905 142.626 139.854 135.648 131.053 126.648 122.213 118.412 114.985 113.351 112.916 113.688 115.974 119.134 123.391 129.105 134.105 138.739 142.253 145.173 147.528 148.191 146.419 143.419 140.133 136.706 135.645 136.271 133.426 125.903 118.468 111.461 103.946 96.946 90.073 83.309 76.316 70.324
168.852 171.345 175.432 179.78 180.942 178.714 178.207 178.721 178.641 178.442 178.442 178.729 179.236 178.308 176.706 174.006 169.69 165.977 163.057 160.336 157.741 155.829 154.829 154.035 153.55 152.63 151.749 150.47 148.985 146.698 143.618 140.133 136.213 132.125 127.492 124.057 121.049 117.821 116.394 116.6 117.768 120.253 123.906 129.312 134.826 139.746 143.974 146.815 148.891 149.641 148.79 146.304 143.304 140.018 136.591 135.816 137.316 135.281 128.995 122.441 116.712 110.11 103.03 95.465 87.186 79.194 72.361
170.051 172.138 175.551 179.374 180.427 178.634 177.721 177.721 177.355 176.363 176.164 176.53 177.522 177.721 177.308 175.499 172.492 169.057 166.542 164.542 162.415 160.306 159.107 158.107 157.187 156.593 155.821 153.821 151.741 149.256 145.969 141.969 138.176 134.564 130.614 128.1 125.893 123.378 121.872 121.673 122.452 125.333 129.312 134.826 139.746 144.181 147.456 149.207 149.275 147.718 145.667 142.468 139.468 136.261 133.113 132.664 134.813 133.688 127.841 122.297 118.09 112.716 105.43 97.143 88.143 79.509 72.568
171.366 173.058 175.78 178.581 180.228 178.507 177.279 177.199 176.347 174.435 173.721 174.214 175.809 176.801 177 176.507 174.579 172.263 170.343 168.622 167.107 165.901 164.386 163.466 162.872 162.386 161.1 159.1 156.733 153.534 150.248 146.168 142.049 138.614 136.18 134.458 132.657 130.657 128.944 128.15 128.444 130.818 135.025 139.746 144.181 147.456 148.84 148.203 146.667 143.308 139.624 135.831 132.632 129.712 127.563 127.542 128.69 127.219 122.983 119.261 115.46 110.761 103.872 95.586 86.665 78.517 72.449
171.493 173.294 175.214 177.222 178.957 178.236 177.721 177.515 176.141 173.793 173.359 173.764 174.772 176.366 177.279 176.992 175.992 174.866 173.55 172.63 171.829 170.908 170.107 169.474 169.466 168.665 167.299 165.1 162.527 158.733 155.168 150.763 146.534 143.901 142.466 141.665 140.538 139.016 137.421 136.143 135.517 137.136 140.46 144.101 147.257 148.84 147.79 145.145 141.221 136.338 131.544 127.345 123.712 121.277 120.049 120.335 120.602 118.552 115.513 113.07 110.261 106.254 100.673 92.665 84.231 77.082 72.22
170.729 172.015 173.649 174.657 175.965 176.164 176.164 176.084 175.265 173.961 174.844 175.637 176.043 177.051 178.279 178.072 177.191 176.279 176.072 175.558 175.351 174.836 174.63 174.402 175.115 174.908 173.614 170.94 167.969 163.969 159.683 154.969 151.336 149.107 148.394 148.267 147.951 147.665 146.458 144.657 143.437 144.158 145.452 147.807 148.883 148.347 145.622 141.293 135.322 128.815 123.536 118.624 115.197 113.483 112.85 113.255 112.751 109.146 106.205 105.205 103.791 100.983 96.482 89.753 82.517 76.369 72.427
167.972 169.458 170.965 171.37 172.092 172.606 172.606 172.4 172.045 173.302 175.968 177.645 178.558 178.684 179.08 179.199 178.507 177.279 177.279 177.279 177.279 177.359 177.558 177.844 178.558 178.558 177.985 175.412 171.412 167.332 162.926 158.492 155.343 153.908 153.474 153.959 154.752 154.665 153.585 152.18 150.872 150.673 151.086 151.955 150.825 147.981 143.644 137.079 129.88 123.086 116.887 111.38 107.754 106.041 105.614 106.168 104.338 99.831 97.205 96.284 95.483 93.99 90.696 85.768 80.326 75.456 72.587
162.622 164.701 166.694 167.686 167.885 167.965 168.164 168.164 168.737 171.023 174.31 178.056 180.279 179.992 179.406 179.515 178.714 178 178 178 178.08 178.485 179.08 179.565 180.279 180.199 179.347 176.655 172.854 168.568 163.934 160.499 158.351 157.836 158.203 159.402 160.402 160.829 159.702 158.386 157.386 156.593 156.314 155.382 152.332 147.767 141.915 134.43 126.636 119.357 112.365 106.453 102.232 100.32 99.813 99.754 96.815 91.903 88.762 87.969 87.483 86.277 84.063 80.62 77.098 73.949 72.801
155.144 157.629 160.503 162.694 163.766 164.45 165.164 165.244 166.015 168.222 171.31 175.882 180.323 180.435 179.435 178.641 178.236 177.721 177.721 177.801 178.207 178.801 179.207 180.008 180.721 180.435 178.862 175.782 172.297 168.17 164.141 161.587 160.558 160.637 161.409 163.123 164.123 164.63 164.115 163.908 163.187 162.386 161.147 158.611 154.125 148.759 141.907 133.628 125.43 117.43 109.636 103.09 98.862 96.355 95.363 94.671 91.724 86.137 82.519 81.24 80.041 79.041 77.834 76.193 74.464 72.594 72.645
145.594 148.953 152.717 156.582 159.339 161.45 162.244 162.729 164.015 166.015 168.588 173.002 177.618 179.316 178.554 177.156 176.442 176.442 176.522 177.008 177.721 178.008 178.721 179.008 179.641 179.156 177.583 174.297 170.376 166.942 164.3 162.558 162.637 163.123 164.329 165.924 167.123 167.916 168.115 168.115 168.115 167.749 165.69 161.324 155.966 149.915 142.143 133.143 124.43 116.43 108.509 101.854 98.141 95.507 93.992 92.992 90.72 85.118 80.024 77.347 75.275 73.877 72.877 72.164 71.957 71.889 73.733
133.801 138.167 143.605 149.362 154.553 158.052 159.53 160.809 162.294 164.214 166.508 170.31 174.23 177.251 177.384 175.076 174.164 174.323 175.008 176.008 176.721 177.008 177.801 178.127 178.236 177.355 175.583 172.376 168.942 166.507 165.072 164.717 165.402 166.402 167.322 168.329 169.844 170.844 171.637 171.836 171.836 171.184 168.252 163.201 156.556 148.872 140.586 131.665 123.151 115.31 108.075 102.293 99.057 96.749 95.63 94.829 93.209 89.312 83.558 78.295 74.538 71.554 70.156 69.363 69.323 70.581 73.867
122.159 127.011 133.783 141.656 148.641 153.545 156.538 158.657 160.458 162.251 164.023 167.31 171.023 173.577 174.033 172.113 170.965 171.737 173.53 174.809 175.801 176.207 176.928 177.236 176.641 175.87 173.663 170.942 168.587 167.351 166.916 167.688 169.402 170.402 171.035 171.043 171.764 172.485 173.286 174 173.92 172.782 168.724 162.278 154.307 145.513 137.108 128.673 121.032 114.162 108.8 104.542 102.622 100.981 99.872 99.386 98.386 96.4 90.938 83.112 76.164 71.061 68.355 67.156 67.095 69.581 72.947
112.401 117.775 125.062 133.348 141.775 147.916 151.549 153.857 155.343 157.503 160.267 163.672 167.187 169.248 168.476 166.922 166.972 168.538 170.816 173.015 174.809 175.721 175.721 175.721 175.435 174.228 172.507 170.866 169.836 169.996 170.76 172.166 173.68 174.521 174.47 173.398 172.92 172.721 172.848 173.164 172.797 170.659 165.808 158.749 149.669 140.55 132.116 124.841 118.963 114.213 110.858 108.782 107.665 106.951 106.665 105.585 104.386 102.813 98.301 89.083 78.385 70.973 66.989 64.957 65.302 68.382 72.233
