app/src/main/assets/7.asc
ncols 313
nrows 271
xllcorner 636373.250
yllcorner 3607260.789
cellsize 30
nodata_value -9999.0
[rows 120 to 149 of 271, columns 134 to 200 of 313]
106.508 110.929 117.539 125.547 133.615 139.198 142.308 144.666 147.224 150.274 154.393 157.908 160.748 162.285 161.357 160.694 162.259 164.744 167.904 171.015 173.015 174.522 174.721 174.721 174.515 173.793 173.152 172.916 173.275 174.246 176.246 177.959 178.799 178.749 177.184 174.825 172.554 171.283 170.519 169.526 168.675 165.536 159.765 152.192 143.065 134.195 127.039 121.376 118.022 115.659 113.988 113.959 114.546 114.15 113.585 112.1 110.226 108.336 103.816 93.43 80.613 71.4 65.496 62.442 63.382 66.947 71.719
105.257 108.066 112.487 119.017 125.6 129.343 131.629 134.996 139.354 144.038 148.545 151.585 153.534 154.049 154.128 154.9 157.187 160.346 164.317 168.538 170.816 172.729 173.522 173.801 174.16 174.637 175.203 176.561 178.246 180.246 182.246 183.799 183.829 182.382 179.538 175.774 171.702 168.431 165.953 163.881 161.831 157.772 151.566 144.351 136.195 129.326 124.17 120.3 118.431 118.195 118.76 120.039 121.158 121.386 120.02 117.741 115.336 112.741 108.537 97.532 82.804 72.106 64.568 61 62.066 66.233 71.719
107.879 109.014 111.464 115.041 119.107 121.781 124.545 128.237 133.245 138.84 143.752 146.893 147.606 147.526 147.534 148.622 150.988 154.76 159.919 164.824 168.103 170.809 172.167 173.565 174.932 177.004 178.848 181.532 184.325 186.444 188.086 188.829 187.669 185.332 180.767 175.408 169.93 164.938 160.946 157.667 154.182 149.609 143.609 137.562 131.605 126.735 123.579 121.63 121.402 122.481 124.047 126.246 127.673 127.306 125.614 122.733 119.741 117.336 112.816 101.81 86.59 74.25 65.523 61.478 62.218 66.196 71.918
114.07 113.433 112.963 113.326 113.776 115.752 119.752 123.752 127.959 132.966 138.194 141.415 142.327 142.041 141.327 141.9 144.553 149.038 154.611 160.992 165.588 169.175 171.859 174.446 176.497 179.776 183.261 186.974 189.974 192.402 193.115 192.669 190.698 187.045 181.48 175.075 168.48 162.568 157.774 153.496 149.217 144.445 138.525 133.376 129.735 126.786 125.431 125.195 125.68 126.967 129.253 131.887 133.195 132.821 130.741 127.969 124.336 121.821 117.736 106.612 91.383 78.449 69.11 63.749 63.902 67.99 72.91
121.577 119.012 115.987 113.546 111.275 111.07 114.553 118.832 122.951 126.879 131.115 134.343 135.85 135.842 135.327 135.98 139.038 144.198 150.169 157.249 163.748 168.226 172.138 175.298 178.902 182.783 186.902 190.417 193.337 195.565 196.279 195.499 192.618 188.56 182.353 175.839 169.632 163.404 158.324 153.125 148.125 142.839 137.125 132.698 130.064 128.63 128.481 129.68 130.68 131.967 134.094 136.203 137.322 137.343 135.176 131.77 128.462 126.184 121.613 110.062 95.707 83.044 73.468 68.02 67.173 70.468 74.902
129.291 125.566 120.316 114.451 110.061 107.848 109.356 113.76 118.267 121.306 123.828 126.423 128.335 129.208 129.766 131.023 134.676 140.448 147.528 155.013 162.52 168.512 173.218 176.91 181.218 184.91 189.218 192.337 194.772 196.286 196.92 196.228 193.854 189.441 183.919 178.118 172.197 166.683 161.556 156.16 150.882 145.396 139.763 135.534 133.107 132.394 132.887 134.402 135.402 136.608 138.123 139.409 140.836 140.47 138.492 134.897 131.698 128.538 122.769 110.791 97.802 87.131 78.675 73.614 72.166 74.38 77.696
136.646 131.389 124.229 116.751 110.172 106.275 105.657 108.158 112.473 115.694 117.099 119.107 121.575 123.458 125.538 128.183 132.44 138.726 146.093 154.292 162.005 168.719 174.226 178.425 182.425 186.345 190.066 193.294 195.008 196.008 196.435 195.435 193.735 190.213 186.205 181.277 175.962 171.041 166.447 161.755 155.954 149.954 144.527 140.733 138.107 137.394 137.521 138.123 139.043 139.844 140.844 142.051 143.199 142.427 140.061 136.575 132.862 129.209 122.005 109.878 98.582 90.426 83.556 79.18 78.238 79.444 81.372
142.476 136.309 128.537 119.744 111.751 105.538 103.047 103.863 106.752 110.179 111.893 113.259 116.111 119.896 122.74 126.711 131.998 138.284 145.777 154.292 162.005 168.719 174.432 179.146 183.146 186.859 189.78 192.214 193.729 194.729 195.156 194.236 193.228 191.22 188.293 184.77 180.763 176.168 171.763 166.882 161.396 155.476 150.168 146.049 143.028 141.955 141.271 140.684 141 141.207 142.008 142.848 142.877 141.511 138.739 134.899 131.503 127.285 119.248 107.973 98.796 92.521 87.93 85.466 85.238 86.238 87.158
146.404 140.545 132.338 123.457 114.465 106.966 102.267 100.649 102.15 105.179 106.893 108.625 112.676 117.748 122.512 127.791 133.276 139.483 146.491 154.292 162.005 168.639 174.154 178.947 183.146 186.859 189.493 191.008 191.928 192.649 193.037 192.721 192.515 191.507 189.706 187.499 184.412 180.205 175.611 170.839 164.919 159.404 154.324 149.618 146.706 144.626 142.554 141.156 140.363 140.084 140.092 140.32 139.24 137.468 134.261 131.033 128.46 123.235 114.336 104.833 98.162 93.579 91.71 91.554 92.238 93.238 93.872
148.846 143.067 135.266 126.773 117.258 108.671 102.053 98.84 98.776 100.019 101.575 104.477 110.321 116.799 123.077 129.276 135.276 141.276 147.483 154.491 161.846 167.955 173.233 178.432 183.146 186.78 189.008 190.008 190.641 190.442 190.649 191.244 191.522 191.515 190.507 188.706 186.213 182.252 177.568 172.281 166.488 161.289 156.002 150.575 146.989 144.224 141.026 138.439 137.041 136.041 135.248 134.762 133.396 130.91 127.99 125.476 122.903 117.63 109.268 102.17 98.014 95.351 95.282 97.047 98.959 99.959 100.386
149.488 143.796 136.708 128.502 119.701 110.78 103.045 98.386 95.718 94.686 96.111 101.329 109.093 117.085 124.364 131.276 137.276 143.196 148.998 155.204 161.432 166.719 172.719 178.432 183.146 186.573 188.207 188.928 189.076 188.084 187.965 188.45 189.53 190.442 190.156 188.949 186.782 182.804 177.129 171.365 165.166 159.453 154.246 149.018 144.938 140.739 136.946 133.747 131.16 129.762 128.762 127.682 125.99 123.189 120.476 118.556 116.182 111.482 105.406 100.942 98.587 97.717 98.974 101.974 104.481 105.6 105.829
149.201 143.002 136.509 128.708 120.422 111.708 104.122 97.564 92.026 90.251 92.676 99.021 108.1 117.173 125.65 133.356 139.475 144.99 150.196 155.918 161.432 166.719 172.719 178.432 183.146 186.493 187.721 187.482 186.312 184.678 184.45 185.45 186.737 188.244 188.156 187.076 185.018 180.652 174.88 167.88 161.166 155.373 150.254 145.739 141.532 136.938 132.739 128.946 125.747 123.32 122.32 121.033 118.953 116.468 113.914 112.519 110.46 106.413 102.743 100.587 99.637 100.489 102.974 105.974 108.608 109.916 109.749
148.995 142.281 135.995 128.628 120.223 111.628 103.11 94.394 88.105 86.737 89.882 96.742 106.188 116.746 126.857 135.364 142.07 147.269 152.189 156.91 161.711 166.998 172.918 178.432 183.066 186.008 186.641 185.583 182.87 181.363 181.45 182.45 183.657 185.171 185.598 184.232 181.46 176.887 170.681 163.88 157.166 151.246 146.018 142.098 138.297 134.09 129.575 125.496 121.583 119.076 117.877 116.591 114.304 111.384 109.442 108.79 106.098 103.029 101.873 101.637 102.203 103.895 106.696 109.696 112.123 112.963 112.786
149.472 142.48 135.915 128.063 119.151 110.784 100.646 89.88 84.392 83.737 86.962 94.021 103.96 116.239 127.658 136.65 144.276 149.99 154.624 158.504 162.99 168.117 173.432 178.352 182.581 184.928 185.156 183.583 180.87 179.156 178.649 179.45 180.45 181.37 181.519 179.747 176.46 171.967 166.166 160.039 153.804 148.449 144.213 140.698 137.412 133.492 129.611 125.125 120.618 117.626 115.714 114.347 112.022 109.786 108.478 107.34 104.22 102.359 103.004 104.481 105.967 107.967 110.173 112.815 114.764 115.072 114.271
151.067 143.552 136.106 126.976 116.991 107.94 96.962 86.039 81.156 81.015 84.368 91.822 102.166 115.166 127.467 137.578 145.799 151.711 156.218 159.99 164.91 169.425 173.631 178.066 181.501 183.442 183.156 181.743 179.427 177.714 176.92 177.008 177.848 178.164 177.591 175.304 172.018 167.811 162.804 157.369 152.807 149.057 146.256 143.336 140.328 136.654 132.763 127.882 122.889 118.977 116.39 114.499 112.271 111.431 110.749 108.69 105.343 104.481 106.253 109.047 111.166 112.967 114.807 116.043 116.558 116.558 116.431
152.632 145.751 137.533 126.483 114.697 103.853 92.248 82.453 78.758 79.095 82.44 89.586 100.365 113.166 125.88 137.1 145.726 152.154 156.947 161.432 166.226 170.345 174.066 177.581 180.214 181.442 181.236 180.435 179.228 177.714 176.793 176.406 176.435 175.641 174.79 172.384 169.376 165.735 162.006 157.77 154.542 152.622 150.694 148.378 146.012 142.24 137.527 132.954 127.16 122.455 119.176 116.263 114.63 114.481 114.901 112.527 109.466 109.604 112.09 115.01 117.158 118.166 119.314 119.035 118.836 118.836 119.123
155.118 148.465 139.04 126.555 113.602 100.559 87.654 78.413 75.649 77.103 81.241 88.506 98.88 111.087 123.601 134.948 143.89 150.477 155.955 161.154 166.074 170.302 173.302 176.302 178.729 179.442 179.442 179.236 178.515 177.793 177.199 176.714 175.714 174.714 173.141 170.507 168.499 165.985 163.778 161.137 158.981 157.665 156.665 155.378 152.806 148.599 143.925 138.874 132.675 127.088 122.77 119.542 118.115 118.768 120.267 118.885 116.31 117.288 120.01 122.444 123.673 123.799 123.749 122.55 121.916 122.115 122.481
158.118 151.178 140.834 127.674 113.623 98.265 83.806 74.87 73.522 74.867 79.806 87.498 97.079 108.8 120.442 131.184 139.691 146.89 153.604 159.397 164.389 168.302 171.302 174.302 176.649 177.244 177.442 177.522 177.721 177.801 177.793 176.992 175.992 174.992 173.579 171.47 170.064 168.343 166.622 165.187 164.673 164.466 163.665 162.378 159.806 155.726 150.874 144.389 137.595 131.396 126.096 123.064 121.916 122.974 125.561 125.973 124.517 125.803 127.643 128.879 129.314 128.749 127.263 125.55 125.203 126.195 127.047
160.64 153.693 142.834 129.181 113.536 96.851 81.65 73.427 72.366 74.425 79.491 87.292 96.071 106.713 117.028 126.662 135.097 142.691 149.684 155.882 161.596 166.103 169.302 172.222 174.244 174.729 175.442 175.729 176.602 177.286 178 177.793 176.992 176.072 175.351 174.343 172.908 172.187 171.386 170.673 170.673 170.673 170.386 169.02 166.168 161.683 156.03 148.831 141.831 135.118 129.404 125.55 125.123 126.776 130.134 132.626 132.715 133.643 134.593 134.234 133.39 131.626 129.507 128.152 128.489 130.561 132.612
161.289 155.016 144.555 130.616 113.684 95.732 81.215 73.706 72.852 75.425 80.284 87.57 96.064 105.578 114.705 123.654 131.249 138.734 146.448 153.241 159.154 163.867 167.501 170.015 171.649 172.45 173.244 173.809 175.214 176.809 177.801 178.08 178.152 177.916 178.115 177.988 177.673 177.673 177.386 176.673 176.673 176.593 176.028 174.176 170.324 165.045 158.987 151.274 144.274 137.64 132.205 128.47 127.924 129.982 134.508 139.246 140.593 140.314 139.749 138.104 135.34 132.22 130.072 129.924 131.855 135.413 139.097
159.532 154.032 145.077 131.05 113.072 94.783 81.78 74.905 73.932 76.703 81.563 88.849 97.056 105.857 114.491 122.085 129.491 137.292 145.005 152.005 158.432 163.066 166.294 168.214 169.442 169.729 170.729 172.015 173.809 175.294 177.167 178.645 179.924 181.203 182.195 182.76 183.673 183.673 183.386 182.593 182.314 181.669 179.985 177.332 172.56 166.4 159.509 151.995 145.154 139.125 134.492 131.343 130.688 133.261 138.327 144.409 145.47 144.191 142.626 139.774 135.655 132.427 131.08 132.011 135.348 140.627 145.62
154.864 150.967 143.687 130.645 112.557 95.069 82.987 76.499 75.337 78.504 83.643 91.128 99.128 107.414 115.842 123.128 130.842 138.128 145.842 152.762 158.91 163.058 165.493 167.008 167.721 168.008 169.008 170.294 172.374 174.653 177.138 180.011 182.489 184.688 186.481 187.967 189.394 189.394 189.107 188.028 186.669 184.618 181.546 178.289 173.002 166.509 159.075 152.353 146.205 141.564 137.534 135.187 135.166 137.62 142.438 147.17 147.507 145.706 143.34 139.568 135.061 132.228 131.366 133.504 138.276 144.356 150.348
147.006 145.298 139.829 128.976 112.159 95.276 83.708 77.507 76.932 79.99 85.849 93.929 102.208 110.693 119.2 126.686 134.479 141.884 149.319 155.754 160.902 164.051 165.565 166.485 167.08 167.485 168.286 169.573 171.939 175.218 178.497 181.982 185.696 188.489 190.688 192.608 193.916 194.115 193.749 192.184 189.618 186.053 181.774 177.289 172.082 166.154 159.919 154.277 149.328 145.813 142.893 140.951 141.318 143.583 147.778 149.47 148.111 146.427 143.854 139.568 134.934 131.912 131.493 134.154 139.52 146.085 153.077
136.815 136.719 133.359 124.198 109.896 94.52 83.31 77.793 78.138 81.871 88.128 96.414 105.414 114.494 123.487 131.686 139.765 147.598 154.113 159.746 163.895 166.043 166.764 167.279 167.565 168.279 168.565 169.852 172.425 176.425 180.425 184.425 188.138 191.218 194.051 195.645 196.844 197.478 196.706 194.34 190.854 186.568 181.568 176.568 171.648 167.006 162.644 158.607 155.092 152.172 149.737 148.509 149.082 151.335 153.234 152.184 149.698 146.905 144.133 139.926 135.618 132.626 131.127 132.795 138.169 145.455 153.329
125.506 126.647 124.454 117.492 105.19 91.687 82.162 78.279 79.218 83.563 90.929 99.414 108.414 117.701 127.494 136.487 144.972 153.192 159.232 164.101 167.13 168.558 168.558 168.558 168.764 169.279 169.645 171.13 173.624 177.425 181.425 185.425 189.138 192.345 195.366 196.772 198.286 198.714 197.427 194.854 190.774 186.289 181.369 176.648 172.213 168.938 166.901 164.893 162.172 159.657 157.944 157.39 158.201 158.991 157.661 155.057 152.256 149.176 145.611 141.412 137.332 133.26 130.435 130.707 135.089 142.256 150.742
114.506 115.727 114.433 109.786 99.644 88.745 81.735 79.359 80.783 85.842 93.335 102.136 111.136 120.422 130.422 140.216 149.414 157.842 163.982 167.329 169.13 170.558 170.558 170.558 170.558 170.558 171.051 172.852 175.058 178.066 181.867 185.867 189.66 192.78 195.294 197.008 197.928 198.236 197.148 194.575 190.289 185.289 180.575 176.735 173.579 171.836 171.71 170.901 169.18 167.378 165.745 165.723 167.031 166.131 162.248 158.741 156.256 152.969 148.683 143.889 139.324 133.966 129.554 128.856 131.604 138.463 147.463
104.183 105.212 104.719 101.519 94.268 86.597 81.587 80.924 83.189 88.483 95.57 103.777 112.578 121.865 131.944 142.143 151.937 160.483 166.345 169.366 170.772 172 172 172 172 172.08 172.565 173.772 175.573 177.859 181.066 184.867 188.787 192.095 194.294 195.928 196.442 196.363 195.591 193.098 189.09 184.369 179.934 176.706 175.072 174.637 175.203 175.908 175.107 173.901 172.673 172.959 173.879 172.675 167.168 163.256 160.256 156.969 152.683 147.603 142.038 135.552 129.618 127.199 128.639 135.22 144.021
96.049 96.049 95.842 94.501 90.883 85.648 82.279 82.852 85.425 89.918 96.132 103.814 112.299 121.586 131.872 142.666 152.785 161.44 166.66 169.493 171.008 171.721 171.721 171.801 172.08 172.565 173.565 174.565 175.772 177.859 180.859 184.066 187.581 190.501 193.015 194.363 194.164 193.797 192.392 190.384 187.376 183.655 180.22 177.786 176.558 176.924 178.409 179.916 179.829 178.829 178.035 178.123 178.677 176.56 170.926 166.698 163.778 160.69 156.404 151.197 145.03 137.831 131.69 128.63 129.468 135.048 143.056
89.327 89.327 89.487 90.045 89.536 86.133 83.199 83.493 85.787 89.795 94.882 101.662 110.543 120.108 130.594 141.673 152.299 160.44 165.787 168.729 169.729 170.442 170.442 170.729 171.809 173.088 174.286 175.366 176.565 178.058 180.78 183.581 186.501 189.095 191.214 192.156 191.363 190.671 189.156 187.87 185.663 182.942 180.507 179.072 178.637 179.489 181.608 183.203 183.749 182.47 181.191 180.485 180.427 177.441 172.492 168.897 165.985 163.492 159.404 154.404 148.624 141.27 135.527 132.673 133.818 138.598 145.526
84.084 83.885 84.458 86.618 88.316 86.934 83.833 82.848 83.943 86.951 91.325 97.898 106.551 117.196 128.673 140.079 151.021 159.161 164.302 166.729 167.729 168.442 168.442 168.809 170.294 172.294 174.167 175.772 177.286 178.493 180.294 182.501 185.015 187.302 189.729 190.156 189.236 188.435 187.435 186.228 184.507 182.786 181.271 180.637 181.123 182.696 185.123 186.329 186.985 184.985 182.905 181.119 180.228 178.094 175.057 172.049 168.741 166.176 162.404 157.404 151.911 145.842 141.686 139.23 140.296 144.59 150.312
