app/src/main/assets/9.asc
ncols 443
nrows 400
xllcorner 385306.849
yllcorner 3251251.535
cellsize 30
nodata_value  -9999.0
[rows 270 to 299 of 400, columns 204 to 271 of 443]
101.189 100.332 98.076 95.134 90.958 88.513 88.455 90.234 91.238 90.63 89.022 86.585 84.108 82.495 81.495 80.41 79.274 78.189 76.968 75.446 72.756 69.666 68.356 67.833 66.531 65.054 64.829 65.441 66.216 67.743 67.446 65.058 61.973 59.225 57.31 55.748 54.612 53.612 52.612 51.698 51.135 50.698 50.221 50.221 50.135 50 49.612 49 49 49.473 50.608 52.383 55.469 59.293 62.91 64.69 66.469 68.163 69.419 69.122 67.207 65.513 64.73 64.612 64 64.388 66.852 71.802
96.279 94.161 91.247 87.909 84.161 82.54 83.658 85.658 87.185 87.274 85.887 83.801 81.364 79.274 78.274 77.576 77.054 76.356 76.135 74.923 71.671 68.446 66.919 66.054 64.968 63.833 63.608 64.221 64.694 65.527 65.189 63.279 60.581 58.446 56.446 54.833 53.833 53.135 52.612 51.612 50.698 50.135 50 49.698 49.221 49.221 49.135 49 49 49.388 50.388 51.861 54.383 57.856 61.82 65.379 68.938 72.194 73.982 73.342 71.342 69.04 66.734 65.392 65.081 65.946 68.194 72.415
91.63 89.418 85.639 82.076 79.545 79.049 80.135 81.96 84.049 84.576 83.666 81.666 79.581 77.833 76.833 75.919 75.658 76 76 74.837 71.45 67.923 65.833 64.833 63.531 62.356 62.608 63.221 63.608 64.221 63.531 61.581 59.144 56.968 55.446 53.833 53.135 53 52.612 51.612 50.612 50 49.698 49.135 49 49 49 49 49.302 49.865 50.388 51.473 53.383 56.469 60.595 66.154 71.411 74.897 76.081 76.086 74.563 72.175 69.865 68.73 68.203 69.028 71.063 73.807
87.193 85.157 81.81 77.72 75.495 75.27 76.874 79.302 81.049 81.662 81.189 79.968 78.446 76.833 75.833 75.135 75.086 75.523 76 75.139 72.229 68.315 65.31 63.833 62.748 61.698 61.608 62.523 63.086 63.221 62.144 59.666 57.581 55.833 54.446 53.135 53 53 52.612 51.612 50.612 49.698 49.135 48.698 48.523 49 49 49.302 49.865 50 50.388 51.388 52.861 55.383 59.546 65.848 71.938 75.69 77.167 77.694 77.086 75.478 73.73 72.73 72.117 72.59 74.113 76.199
83.108 80.806 77.468 73.72 71.797 72.049 73.825 76.437 78.049 78.964 79.356 78.833 77.446 75.833 75.135 75 75 75.388 76 75.225 72.752 69.229 65.702 63.31 61.833 61.135 61.086 61.608 62.523 62.698 61.36 59.225 56.923 54.833 53.446 52.221 52.221 52.221 52.135 51.914 51.09 49.612 48.698 48.135 48.086 48.523 49 49.388 50 50.302 50.865 51.388 52.473 54.383 58.244 63.852 69.902 74.82 77.69 79.081 79.171 78.086 76.951 75.951 75.036 74.946 76.032 77.252
78.328 75.941 72.855 69.72 67.883 68.572 70.522 72.658 74.572 76.049 76.662 76.576 75.968 75.135 75 75 75 75.388 76 75.225 72.535 68.973 65.837 63.225 61.31 60.221 60.523 61.388 62.086 62.135 61.225 58.923 56.36 54.31 52.446 51.221 51.221 51.221 51.221 51.221 50.748 49.612 48.612 48 48 48.388 49 49.388 50 50.388 51 51.086 51.608 53.383 56.554 60.987 66.987 72.816 77.298 79.69 80.694 79.869 78.392 77.392 76.392 76.167 76.865 77.69
73.806 70.941 67.941 65.545 64.662 65.135 66.658 68.658 70.658 72.572 73.662 73.662 73.576 73.441 73.441 73.441 73.441 73.829 74.441 73.968 71.671 68.058 65.36 62.923 60.748 60 60.086 60.608 61.523 62 61.225 59.139 56.702 53.923 51.748 50.698 50.221 50.221 50.221 50.221 49.833 49.135 48.612 48 48 48.086 48.523 49.388 50 50.388 51 51 51.086 52.081 54.604 58.464 63.987 69.987 74.825 77.739 79.743 79.748 78.914 78.09 76.914 76.865 77 77.473
69.72 66.72 64.022 62.274 61.964 62.829 63.914 65.135 66.658 68.356 69.103 69.103 69.405 70.185 70.964 71.441 71.441 71.829 72.441 72.054 70.193 67.058 64.446 62.36 60.612 59.698 59.221 59.608 60.608 61.221 60.748 59.225 56.837 54.139 52.09 50.31 49.221 49.221 49.221 49.221 48.833 48.221 47.833 47.221 47.523 48 48.388 49.086 49.523 50.086 50.221 50.221 50.221 50.996 53.081 56.077 60.987 66.383 70.568 74.045 76.572 77.576 77.441 76.968 75.919 75.441 75.743 76.608
64.765 63.022 61.189 60.356 60.608 61.608 62.608 63.608 64.392 65.049 65.662 65.662 65.747 66.572 68.049 68.964 69.743 70.306 70.139 69.576 68.883 66.837 64.527 63.004 61.392 60.392 59.779 59.865 60.086 60.221 60.135 59.225 56.837 54.225 51.923 49.748 48.698 48.221 48.221 48.221 48.135 47.698 47.135 47 47.086 47.523 48.086 48.523 48.783 48.441 48.441 48.743 49.221 49.996 51.996 54.469 58.162 62.433 65.829 68.788 72.18 73.883 73.883 73.797 73.576 73.441 73.527 74.351
60.495 59.712 59.356 59.221 59.608 60.608 61.608 62.608 63.221 63.306 63.139 62.964 63.743 64.694 66.131 67.608 68.306 68.441 68.054 67.441 67.054 66.185 65.09 63.225 61.612 60.612 59.698 59.221 59.523 60 59.698 58.446 56.36 53.923 51.36 49.612 48.612 48 48 48 47.698 47.135 46.698 46.221 46.221 46.608 47.221 47.608 47.833 47.221 47.221 47.608 48.221 48.996 50.996 53.081 55.991 59.387 61.658 64.131 66.964 68.626 69.103 69.103 69.103 69.405 69.883 70.356
58.054 57.441 57.743 58.523 59.388 60.388 61.388 62.086 62.221 61.919 61.356 61.608 62.608 63.608 64.694 65.829 66.139 65.662 65.576 65.441 65.054 64.441 63.968 62.446 60.833 59.833 58.833 58.221 58.306 58.743 58.833 57.446 55.446 53.36 51.225 49.612 48.612 48 48 48 47.612 46.698 46.135 46 46 46.388 47 47.086 47.135 46.698 46.523 47.086 47.523 48.775 50.473 51.996 54.469 57.216 58.914 60.22 61.878 63.491 64.103 64.103 64.103 64.491 65.103 65.491
56.356 56.221 56.608 57.608 58.608 59.91 61.086 61.221 61.221 60.833 60.221 60.608 61.608 62.306 62.829 63.527 63.576 63.441 63.441 63.441 63.054 62.441 61.752 60.189 59.054 58.054 57.054 56.441 56.441 56.527 56.576 55.968 54.446 52.748 51.225 49.612 48.914 48.779 48.779 48.477 47.612 46.612 46 46 46 46.388 47 47 46.698 46.135 46.388 47 47.388 48.775 50.388 51.775 53.861 55.996 57.608 58.306 58.612 59.27 60.185 60.662 60.662 60.747 61.185 61.747
55.523 56 56.388 57.086 57.91 59.473 60.221 60.221 60.221 60.135 60 60.388 61.086 61.221 61.608 62.221 62.221 62.221 62.221 61.919 61.356 60.919 59.968 58.833 57.833 56.833 55.833 55.221 54.919 54.441 54.139 53.576 52.968 51.833 50.748 49.914 49.779 49.779 49.477 48.612 47.612 46.914 46.477 46 46.302 46.865 47 47 46.612 46 46.388 47.302 48.167 49.252 50.388 51.473 52.996 54.996 56.608 57.221 57.221 57.306 57.829 58.441 58.441 58.441 58.829 59.441
54.131 55.523 56.388 57.302 58.252 59.086 59.523 60 60 60 60 60.086 60.523 61 61.388 62 62 62 62 61.612 60.698 59.833 58.833 57.833 56.833 55.833 55.135 54.698 53.833 52.919 52.054 51.139 50.274 49.576 49.356 49.523 50 50 49.914 49.392 48.392 47.477 46.914 46.779 46.865 47 47 46.698 46.135 46.302 46.865 47.388 48.388 49.388 50.388 51.086 51.996 53.996 55.91 56.698 56.221 56.221 56.608 57.221 57.221 57.221 57.306 57.743
52.996 54.608 55.608 56.91 58.388 59 59.086 59.221 59.523 60 59.698 59.523 60.086 60.523 61.388 62 62.302 62.477 61.698 60.833 59.833 58.833 57.833 56.833 55.833 55.135 54.698 54.135 53.31 51.833 50.833 49.833 48.833 48.221 48.221 48.306 48.441 48.743 49.221 49.135 48.914 48.392 47.779 47.779 47.779 47.477 47 46.612 46 46.388 47.302 48.167 49.167 49.865 50.388 51.302 52.252 53.473 54.996 56.135 56 56.302 56.865 57 57.302 57.779 58.081 58.644
52.171 53.131 54.608 55.996 57.608 58.523 59 59.302 59.865 59.698 59.135 59.086 59.523 60.69 61.865 62.302 62.865 62.612 61.612 60.612 59.612 58.31 56.833 56.135 55.612 55 54.612 53.698 52.748 51.31 49.833 48.833 47.833 46.919 46.441 46.441 46.441 46.829 47.441 47.743 48.825 49.392 48.477 48 48 47.612 46.698 46.135 46 46.388 47.388 48.388 49.388 50.302 51.167 52.167 53.167 54.167 55.554 56.779 56.779 57.167 58.081 58.559 58.946 59.861 60.726 61.64
52.779 53.252 54.388 55.473 56.608 57.608 58.523 59.388 60 59.612 59 59.302 60.167 61.252 62.302 63.167 63.477 62.612 61.612 60.612 59.612 58.527 57.392 56.477 55.914 55.477 54.612 53.612 52.612 51.225 49.31 47.833 46.833 45.833 44.919 44.441 44.441 44.829 45.743 46.608 47.996 49.437 49.392 48.477 47.698 47.135 46.612 46 46 46.388 47.388 48.388 49.388 50.69 52.167 53.167 54.469 55.946 57.032 57.779 58.081 58.946 59.946 60.861 61.726 63.028 64.807 66.284
53.779 54.167 55.167 55.865 56.086 56.608 57.91 59.388 60.302 60.392 59.779 60.167 61.469 62.644 63.167 63.865 63.612 62.31 61.135 60.612 59.612 58.914 58.392 57.392 56.477 55.612 54.612 53.31 51.833 50.748 49.225 47.612 46.31 44.833 43.833 43.221 43.221 43.608 44.608 45.608 46.996 48.91 49.612 48.612 47.612 46.698 46.135 46 46 46.388 47.388 48.69 50.167 51.856 54.248 55.726 56.811 57.946 58.644 59.081 59.946 61.248 62.726 64.028 66.109 68.451 70.451 72.064
56.036 55.644 56.167 56.779 56.779 56.865 57.775 59.69 60.865 60.914 60.779 61.469 63.032 63.779 63.563 62.919 62.054 60.968 60.221 60.135 59.914 59.477 58.914 58.09 56.612 55.612 54.31 52.446 50.833 49.833 48.748 47.612 46.225 44.31 42.833 42.221 42.221 42.608 43.91 45.388 46.775 48.473 49.437 49.392 48.09 46.914 46.477 46 46.302 47.167 48.167 49.554 51.469 53.721 56.636 58.726 59.424 59.644 59.779 60.167 61.469 63.334 65.55 68.194 71.059 73.672 75.672 77.284
58.473 58.338 58.122 57.779 57.779 57.779 58.252 59.775 61 61 61.604 62.73 63.388 63.698 62.833 61.833 60.833 59.833 59.221 59.523 60 59.914 59.477 58.225 56.612 55.612 53.923 51.446 49.833 48.833 47.833 46.833 45.748 44.527 43.392 42.477 42.302 43.167 44.554 46.167 47.252 48.388 49.388 49.914 49.306 48.257 47.392 46.779 47.167 48.167 49.469 51.334 53.334 55.721 58.721 60.946 61.559 61.559 61.861 62.726 63.811 65.636 68.501 71.501 74.501 77.113 78.811 80.248
60.559 60.559 60.171 59.559 59.559 59.559 59.644 60.252 61 61 61.473 62.523 63.086 62.833 61.833 60.833 59.833 58.833 58.221 58.608 59.221 59.523 59.612 58.225 56.31 54.531 52.581 50.446 48.833 47.833 47.135 46.914 46.392 45.392 44.392 43.694 43.946 44.946 46.032 47.167 47.865 48.388 49.388 50.302 50.694 50.171 49.473 49.036 48.946 49.946 51.032 52.856 55.334 57.419 59.942 62.771 64.338 64.64 65.505 66.505 67.505 68.978 71.501 74.501 77.199 79.032 80.469 82.334
62.559 62.559 62.171 61.559 61.257 60.779 60.779 61.167 61.477 60.698 60.608 61.608 62.221 62.135 61.612 60.612 59.612 58.612 58 58.086 58.221 58.306 58.356 57.446 55.446 53.446 51.446 49.748 48.31 47.135 47 47 46.914 46.392 45.694 45.559 45.644 46.167 46.865 47.388 48.302 48.865 49.388 50.69 52.383 53.253 52.815 51.951 51.122 51.167 52.167 53.64 56.077 58.856 61.721 65.023 67.942 68.982 69.505 70.505 71.807 73.37 74.978 77.199 79.334 80.946 82.334 84.032
64.081 64.257 63.694 63.257 62.392 61.779 61.779 61.865 61.612 60.612 60.388 61.086 61.523 62 61.612 60.612 59.612 58.914 58.477 58 57.698 56.919 56.441 56.27 55.225 53.225 51.225 49.31 47.748 46.698 46.221 46.221 46.523 46.914 46.779 46.779 46.779 46.865 47 47.388 48.388 49.302 50.167 51.252 52.775 54.604 55.171 54.171 52.869 52.167 53.167 54.554 56.942 60.244 64.325 68.668 72.194 73.897 73.982 74.807 76.672 78.284 79.068 79.811 81.032 82.167 83.554 85.167
64.865 64.914 64.477 63.914 63.392 62.779 62.779 62.779 62.694 62.171 61.342 61.302 61.865 62 61.612 60.612 59.612 59 58.612 57.698 57.135 56.31 55.221 54.919 53.968 52.446 50.748 49.225 47.31 46.135 46 46.302 46.865 47 47 47 47 47 47 47.086 47.91 49.388 50.388 51.388 52.473 54.298 56.217 55.869 54.306 53.946 54.946 56.636 59.199 62.411 67.276 72.19 75.978 77.64 78.419 79.672 81.672 82.982 83.117 83.505 84.203 84.424 85.032 86.167
65 65 64.914 64.477 63.914 63.779 63.779 63.779 63.779 63.392 62.392 61.865 62 61.698 61.135 60.612 59.612 59 58.612 57.612 56.698 55.748 54.396 53.054 52.356 51.446 49.531 47.968 46.748 46 46 46.388 47 47 46.698 46.221 46.221 46.221 46.221 46.523 47.473 48.91 50.086 50.608 52.212 54.942 57.167 57.608 56.649 55.946 56.946 58.721 61.334 64.496 69.496 74.496 78.636 80.726 82.028 83.892 86.194 87.897 87.897 87.68 87.338 87.338 87.424 87.946
65 65 64.698 64.135 64 64 64 64.302 64.779 64.09 62.612 62 62 61.612 60.698 59.833 58.833 57.919 57.356 56.833 55.833 54.833 53.748 52.31 50.919 49.968 48.446 46.833 45.833 45.221 45.523 46.388 47 47 46.612 45.698 45.221 45.221 45.523 46.388 47.388 48.775 50 50.69 53.244 56.419 58.469 59.559 59.086 58.424 58.946 60.419 62.554 65.717 71.019 76.194 80.244 83.248 85.113 87.415 90.28 92.117 92.117 91.73 91.117 90.815 90.64 91.505
64.698 64.221 64.135 64 64 64 64 64.388 64.698 63.748 62.612 61.698 61.221 60.833 59.833 58.531 57.054 56.356 56.221 55.833 54.833 53.833 52.833 51.446 49.833 48.833 47.748 46.612 45.612 45 45.086 45.608 46.221 46.221 46.135 45.612 45 45 45.388 46.388 47.69 49.252 50.604 52.334 55.109 58.636 60.811 61.861 62.253 61.815 61.424 62.032 63.554 66.415 71.023 75.771 79.771 83.6 86.554 89.244 93.023 95.64 96.419 96.811 96.374 95.811 96.064 97.064
63.833 63.221 63.221 63.523 64 64 64 64.086 64.135 63.31 61.833 60.833 59.919 59.054 58.054 56.968 55.833 55.221 55.221 54.833 53.833 52.833 51.531 49.968 48.531 47.054 46.356 45.833 44.833 44.221 44.221 44.306 44.441 44.743 45.221 45.135 45 45 45.388 46.388 48.077 50.469 52.334 54.938 58.97 63.059 65.284 65.68 65.036 64.171 63.559 63.946 65.334 67.807 71.415 75.55 79.55 83.248 86.298 89.55 93.55 96.69 98.469 100.163 101.334 101.676 101.762 102.586
62.356 61.919 61.743 62.608 63.221 63.523 64 64 63.698 62.446 60.531 59.054 58.054 57.054 56.054 55.054 54.054 53.441 53.441 53.054 52.054 51.054 49.666 48.054 46.968 45.833 45.221 44.833 44.135 44 44 43.698 43.221 43.306 43.743 44.221 44.523 45 45.69 47.469 49.721 52.636 55.415 59.272 64.614 68.839 71.064 70.685 68.126 65.869 64.477 64.388 65.473 67.383 71.375 76.933 81.284 83.64 86.163 89.55 93.55 97.077 99.856 102.636 105.028 106.419 107.199 108.451
60.919 60.054 59.829 60.829 61.743 62.608 63.221 63.221 62.833 61.446 59.446 57.531 56.054 55.054 54.054 53.356 52.833 52.221 52.221 51.833 50.833 49.531 47.968 46.833 45.833 44.833 44.221 44.135 44 44 44 43.612 43 43 43.086 43.221 43.608 44.523 45.775 47.775 50.163 53.767 58.929 65.303 71.695 76.397 78.32 76.991 72.607 67.959 65.392 64.865 65.388 67.465 72.407 78.884 83.938 86.59 88.501 91.586 95.109 98.721 102.023 105.501 108.415 110.807 112.888 115.231
