app/src/main/assets/9.asc
ncols 443
nrows 400
xllcorner 385306.849
yllcorner 3251251.535
cellsize 30
nodata_value  -9999.0
[rows 90 to 119 of 400, columns 204 to 271 of 443]
-9999.0 -9999.0 -9999.0 -9999.0 -9999.0 -9999.0 -9999.0 -9999.0 -9999.0 -9999.0 -9999.0 -9999.0 -9999.0 -9999.0 -9999.0 -9999.0 -9999.0 -9999.0 -9999.0 -9999.0 -9999.0 -9999.0 -9999.0 -9999.0 -9999.0 -9999.0 -9999.0 -9999.0 -9999.0 -9999.0 -9999.0 -9999.0 -9999.0 -9999.0 -9999.0 -9999.0 -9999.0 -9999.0 -9999.0 -9999.0 -9999.0 -9999.0 -9999.0 -9999.0 -9999.0 -9999.0 -9999.0 -9999.0 -9999.0 -9999.0 -9999.0 -9999.0 -9999.0 -9999.0 -9999.0 -9999.0 -9999.0 -9999.0 -9999.0 -9999.0 -9999.0 -9999.0 -9999.0 -9999.0 -9999.0 -9999.0 -9999.0 -9999.0
-9999.0 -9999.0 -9999.0 -9999.0 -9999.0 -9999.0 -9999.0 -9999.0 -9999.0 -9999.0 -9999.0 -9999.0 -9999.0 -9999.0 -9999.0 -9999.0 -9999.0 -9999.0 -9999.0 -9999.0 -9999.0 -9999.0 -9999.0 -9999.0 -9999.0 -9999.0 -9999.0 -9999.0 -9999.0 -9999.0 -9999.0 -9999.0 -9999.0 -9999.0 -9999.0 -9999.0 -9999.0 -9999.0 -9999.0 -9999.0 -9999.0 -9999.0 -9999.0 -9999.0 -9999.0 -9999.0 -9999.0 -9999.0 -9999.0 -9999.0 -9999.0 -9999.0 -9999.0 -9999.0 -9999.0 -9999.0 -9999.0 -9999.0 -9999.0 -9999.0 -9999.0 -9999.0 -9999.0 -9999.0 -9999.0 -9999.0 -9999.0 -9999.0
-9999.0 -9999.0 -9999.0 -9999.0 -9999.0 -9999.0 -9999.0 -9999.0 -9999.0 -9999.0 -9999.0 -9999.0 -9999.0 -9999.0 -9999.0 -9999.0 -9999.0 -9999.0 -9999.0 -9999.0 -9999.0 -9999.0 -9999.0 -9999.0 -9999.0 -9999.0 -9999.0 -9999.0 -9999.0 -9999.0 -9999.0 -9999.0 -9999.0 -9999.0 -9999.0 -9999.0 -9999.0 -9999.0 -9999.0 -9999.0 -9999.0 -9999.0 -9999.0 -9999.0 -9999.0 -9999.0 -9999.0 -9999.0 -9999.0 -9999.0 -9999.0 -9999.0 -9999.0 -9999.0 -9999.0 -9999.0 -9999.0 -9999.0 -9999.0 -9999.0 -9999.0 -9999.0 -9999.0 -9999.0 -9999.0 -9999.0 -9999.0 -9999.0
-9999.0 -9999.0 -9999.0 -9999.0 -9999.0 -9999.0 -9999.0 -9999.0 -9999.0 -9999.0 -9999.0 -9999.0 -9999.0 -9999.0 -9999.0 -9999.0 -9999.0 -9999.0 -9999.0 -9999.0 -9999.0 -9999.0 -9999.0 -9999.0 -9999.0 -9999.0 -9999.0 -9999.0 -9999.0 -9999.0 -9999.0 -9999.0 -9999.0 -9999.0 -9999.0 -9999.0 -9999.0 -9999.0 -9999.0 -9999.0 -9999.0 -9999.0 -9999.0 -9999.0 -9999.0 -9999.0 -9999.0 -9999.0 -9999.0 -9999.0 -9999.0 -9999.0 -9999.0 -9999.0 -9999.0 -9999.0 -9999.0 -9999.0 -9999.0 -9999.0 -9999.0 -9999.0 -9999.0 -9999.0 -9999.0 -9999.0 -9999.0 -9999.0
-9999.0 -9999.0 -9999.0 -9999.0 -9999.0 -9999.0 -9999.0 -9999.0 -9999.0 -9999.0 -9999.0 -9999.0 -9999.0 -9999.0 -9999.0 -9999.0 -9999.0 -9999.0 -9999.0 -9999.0 -9999.0 -9999.0 -9999.0 -9999.0 -9999.0 -9999.0 -9999.0 -9999.0 -9999.0 -9999.0 -9999.0 -9999.0 -9999.0 -9999.0 -9999.0 -9999.0 -9999.0 -9999.0 -9999.0 -9999.0 -9999.0 -9999.0 -9999.0 -9999.0 -9999.0 -9999.0 -9999.0 -9999.0 -9999.0 -9999.0 -9999.0 -9999.0 -9999.0 -9999.0 -9999.0 -9999.0 -9999.0 -9999.0 -9999.0 -9999.0 -9999.0 -9999.0 -9999.0 -9999.0 -9999.0 -9999.0 -9999.0 -9999.0
-9999.0 -9999.0 -9999.0 -9999.0 -9999.0 -9999.0 -9999.0 -9999.0 -9999.0 -9999.0 -9999.0 -9999.0 -9999.0 -9999.0 -9999.0 -9999.0 -9999.0 -9999.0 -9999.0 -9999.0 -9999.0 -9999.0 -9999.0 -9999.0 -9999.0 -9999.0 -9999.0 -9999.0 -9999.0 -9999.0 -9999.0 -9999.0 -9999.0 -9999.0 -9999.0 -9999.0 -9999.0 -9999.0 -9999.0 -9999.0 -9999.0 -9999.0 -9999.0 -9999.0 -9999.0 -9999.0 -9999.0 -9999.0 -9999.0 -9999.0 -9999.0 -9999.0 -9999.0 -9999.0 -9999.0 -9999.0 -9999.0 -9999.0 -9999.0 -9999.0 -9999.0 -9999.0 -9999.0 -9999.0 -9999.0 -9999.0 -9999.0 -9999.0
-9999.0 -9999.0 -9999.0 -9999.0 -9999.0 -9999.0 -9999.0 -9999.0 -9999.0 -9999.0 -9999.0 -9999.0 -9999.0 -9999.0 -9999.0 -9999.0 -9999.0 -9999.0 -9999.0 -9999.0 -9999.0 -9999.0 -9999.0 -9999.0 -9999.0 -9999.0 -9999.0 -9999.0 -9999.0 -9999.0 -9999.0 -9999.0 -9999.0 -9999.0 -9999.0 -9999.0 -9999.0 -9999.0 -9999.0 -9999.0 -9999.0 -9999.0 -9999.0 -9999.0 -9999.0 -9999.0 -9999.0 -9999.0 -9999.0 -9999.0 -9999.0 -9999.0 -9999.0 -9999.0 -9999.0 -9999.0 -9999.0 -9999.0 -9999.0 -9999.0 -9999.0 -9999.0 -9999.0 -9999.0 -9999.0 -9999.0 -9999.0 -9999.0
-9999.0 -9999.0 -9999.0 -9999.0 -9999.0 -9999.0 -9999.0 -9999.0 -9999.0 -9999.0 -9999.0 -9999.0 -9999.0 -9999.0 -9999.0 -9999.0 -9999.0 -9999.0 -9999.0 -9999.0 -9999.0 -9999.0 -9999.0 -9999.0 -9999.0 -9999.0 -9999.0 -9999.0 -9999.0 -9999.0 -9999.0 -9999.0 -9999.0 -9999.0 -9999.0 -9999.0 -9999.0 -9999.0 -9999.0 -9999.0 -9999.0 -9999.0 -9999.0 -9999.0 -9999.0 -9999.0 -9999.0 -9999.0 -9999.0 -9999.0 -9999.0 -9999.0 -9999.0 -9999.0 -9999.0 -9999.0 -9999.0 -9999.0 -9999.0 -9999.0 -9999.0 -9999.0 -9999.0 -9999.0 -9999.0 -9999.0 -9999.0 -9999.0
-9999.0 -9999.0 -9999.0 -9999.0 -9999.0 -9999.0 -9999.0 -9999.0 -9999.0 -9999.0 -9999.0 -9999.0 -9999.0 -9999.0 -9999.0 -9999.0 -9999.0 -9999.0 -9999.0 -9999.0 -9999.0 -9999.0 -9999.0 -9999.0 -9999.0 -9999.0 -9999.0 -9999.0 -9999.0 -9999.0 -9999.0 -9999.0 -9999.0 -9999.0 -9999.0 -9999.0 -9999.0 -9999.0 -9999.0 -9999.0 -9999.0 -9999.0 -9999.0 -9999.0 -9999.0 -9999.0 -9999.0 -9999.0 -9999.0 -9999.0 -9999.0 -9999.0 -9999.0 -9999.0 -9999.0 -9999.0 -9999.0 -9999.0 -9999.0 -9999.0 -9999.0 -9999.0 -9999.0 -9999.0 -9999.0 -9999.0 -9999.0 -9999.0
-9999.0 -9999.0 -9999.0 -9999.0 -9999.0 -9999.0 -9999.0 -9999.0 -9999.0 -9999.0 -9999.0 -9999.0 -9999.0 -9999.0 -9999.0 -9999.0 -9999.0 -9999.0 -9999.0 -9999.0 -9999.0 -9999.0 -9999.0 -9999.0 -9999.0 -9999.0 -9999.0 -9999.0 -9999.0 -9999.0 -9999.0 -9999.0 -9999.0 -9999.0 -9999.0 -9999.0 -9999.0 -9999.0 -9999.0 -9999.0 -9999.0 -9999.0 -9999.0 -9999.0 -9999.0 -9999.0 -9999.0 -9999.0 -9999.0 -9999.0 -9999.0 -9999.0 -9999.0 -9999.0 -9999.0 -9999.0 -9999.0 -9999.0 -9999.0 -9999.0 -9999.0 -9999.0 -9999.0 -9999.0 -9999.0 -9999.0 -9999.0 -9999.0
105.81 101.806 99.328 97.026 94.076 90.855 87.72 85.022 83.491 83.221 83.91 87.069 92.794 99.001 105.605 114.11 124.714 134.506 139.956 142.569 144.654 147.262 150.397 153.87 158.393 162.704 165.839 169.141 172.447 175.091 179.033 185.89 194.921 205.174 216.863 229.728 240.619 244.645 244.032 246.682 253.285 262.587 273.637 285.213 296.74 307.843 316.987 322.576 323.386 318.858 309.101 296.628 283.407 270.79 260.291 250.769 237.903 221.732 206.539 193.534 181.215 171.373 165.198 159.202 153.144 150.946 153.582 159.965
102.422 97.72 94.806 91.941 88.941 86.243 84.324 82.666 81.743 82.825 85.158 90.569 98.993 107.164 114.894 123.971 135.223 145.286 150.433 152.569 154.267 155.875 158.397 161.785 165.568 168.839 171.839 175.226 179.443 184.001 189.421 197.363 207.529 218.998 231.728 244.426 254.709 258.357 256.528 256.906 261.51 268.425 276.474 285.438 294.577 302.852 309.351 312.378 310.881 303.997 292.88 280.795 268.876 258.512 250.408 243.017 233.634 220.926 207.823 195.99 184.467 174.103 167.098 160.846 155.009 152.644 154.113 159.019
99.337 93.895 89.941 87.243 85.022 82.887 81.274 80.491 80.91 83.379 88.317 96.466 106.547 116.718 126.579 137.174 147.655 155.682 159.789 161.789 163.402 164.789 166.875 169.483 172.618 175.618 178.316 181.226 185.916 192.299 200.11 209.529 220.696 232.949 245.949 258.259 267.24 270.1 268.275 267.131 269.131 273.307 279.916 286.618 292.717 298.167 301.189 301.3 297.629 290.732 281.079 269.556 257.944 248.106 240.796 235.179 229.269 220.612 210.21 199.075 188.292 178.495 170.188 162.846 156.405 152.396 152.302 156.375
96.035 89.945 85.72 83.108 81.41 80.189 79.356 79.825 82.158 86.794 94.38 104.412 115.579 127.575 139.394 149.79 158.457 164.348 167.533 170.01 171.924 173.487 175.01 177.397 180.095 182.316 184.753 188.006 193.385 201.114 210.106 221.138 233.305 246.169 259.169 270.79 278.208 280.406 278.933 277.658 278.267 280.735 285.262 288.847 291.117 293.139 293.026 290.742 286.404 280.71 272.804 261.592 249.502 239.665 232.44 227.215 223.261 217.697 209.003 199.26 189.125 179.512 170.598 162.508 155.896 151.446 150.392 152.771
92.17 86.247 82.499 80.189 79.054 78.356 79.127 81.938 86.574 93.47 102.714 114.358 126.223 138.309 150.056 159.375 165.866 170.839 174.141 177.533 180.01 181.924 183.789 185.573 186.928 188.753 191.618 195.61 202.114 210.718 220.534 231.746 244.913 258.088 270.007 280.502 287.262 289.149 288.541 287.492 287.402 288.96 291.1 291.599 290.346 288.756 285.945 282.215 277.828 271.836 263.633 253.25 241.804 232.746 225.999 220.774 216.557 210.967 203.057 193.971 184.751 175.918 167.999 161.031 154.896 150.144 148.441 150.077
87.995 83.414 80.279 78.054 77.356 77.825 80.848 86.574 93.47 101.939 112.444 125.048 138.003 149.701 159.93 167.258 172.177 176.361 180.528 184.92 188.312 190.789 192.487 193.32 193.843 195.014 197.361 202.605 210.637 219.889 230.191 241.831 254.917 267.966 280.056 289.375 294.92 297.235 296.847 296.149 295.798 295.928 296.46 293.832 288.54 283.814 278.692 274.215 269.224 261.804 253.241 244.462 234.971 226.611 219.999 214.17 208.224 201.494 193.719 184.719 176.323 169.269 163.215 157.859 152.639 148.581 147.221 148.771
85.026 81.279 78.581 77.135 77.604 79.938 84.745 91.911 100.38 110.714 123.048 137.08 150.48 160.709 168.51 174.393 179.006 183.006 187.393 192.006 195.618 198.231 199.541 199.374 198.982 199.807 202.447 208.299 217.466 227.331 238.02 249.971 262.191 274.714 286.939 296.303 302.006 304.757 305.149 304.41 303.068 301.635 299.044 293.683 285.598 278.174 271.607 266.39 259.971 251.719 243.408 236.102 228.359 220.309 213.219 206.917 200.053 192.448 183.719 175.021 167.575 161.742 156.909 152.386 147.99 145.41 144.964 147.293
82.112 79.103 77.748 77 78.681 83.492 89.911 98.078 107.633 119.489 133.823 149.165 162.313 171.371 177.515 182.172 186.483 190.006 194.695 199.483 202.316 203.847 203.815 202.951 202.338 202.509 204.329 210.267 220.259 232.119 244.326 256.024 267.547 279.633 291.38 300.83 306.668 309.807 310.897 310.726 309.162 305.351 300.103 292.129 281.958 272.701 264.782 257.836 249.804 241.543 233.971 226.494 219.408 212.188 205.44 199.053 191.751 183.498 174.498 165.584 158.183 153.35 149.215 145.432 142.463 141.018 141.874 145.983
79.239 77.833 77.135 77.604 81.1 88.047 95.776 104.466 115.02 128.264 143.994 159.304 171.889 180.425 186.087 190.65 194.699 198.564 202.433 205.839 208.149 208.293 206.649 204.567 202.396 201.743 203.771 209.708 220.173 233.642 247.813 260.38 271.466 283.29 294.776 303.573 309.586 312.334 313.861 314.036 312.311 307.796 299.859 289.097 277.403 266.534 256.926 247.804 238.939 230.412 222.85 215.714 208.714 202.016 195.579 188.714 181.025 172.462 164.241 156.625 150.305 145.517 142.296 139.463 137.63 137.185 139.429 145.839
77.833 77.135 77.302 79.46 85.132 92.997 101.299 110.551 121.93 136.435 152.133 166.579 178.551 187.605 194.172 198.483 202.006 206.006 209.316 211.235 211.901 210.482 207.702 204.535 200.842 199.049 201.816 208.708 219.258 233.336 248.727 262.344 274.123 286.376 297.524 305.357 310.64 312.473 313.004 312.274 310.499 305.949 297.399 285.408 272.151 259.543 247.809 237.417 227.939 219.327 211.714 204.412 196.935 189.719 182.376 175.376 168.205 160.85 154.233 148.742 143.823 139.941 137.243 135.41 134.878 136.212 140.019 147.736
77.135 77.604 79.55 83.357 89.997 98.299 106.862 116.074 128.101 142.574 157.106 170.074 181.736 191.438 198.276 203.407 208.226 211.622 213.892 214.599 212.788 210.058 207.058 203.369 198.287 195.572 199.289 207.231 218.258 232.421 248.034 262.173 274.952 287.213 297.321 304.027 307.658 308.968 308.414 306.634 303.778 298.575 290.502 278.34 264.425 250.948 238.421 227.029 216.939 208.327 200.412 192.246 183.552 175.21 167.597 161.201 155.76 150.318 145.35 141.432 138.378 136.022 134.491 134.135 134.69 137.546 142.965 151.38
76.825 79.158 83.105 88.524 96.078 104.641 113.078 122.718 133.975 145.722 157.736 169.569 180.704 191.146 199.542 205.582 210.329 213.856 215.428 214.144 210.977 207.197 203.116 198.386 193.603 191.658 195.897 204.839 216.479 230.34 245.173 259.222 272.398 283.843 292.599 297.491 299.761 300.986 300.211 297.607 293.188 287.323 279.385 267.524 254.606 241.948 229.336 217.421 205.813 195.466 186.385 177.043 168.345 160.21 153.503 149.314 145.571 141.954 139.076 136.545 135.491 135.05 134.779 135.383 137.717 141.834 147.911 156.939
77.856 81.713 87.659 94.691 102.943 111.858 120.723 129.894 138.429 146.438 156.267 166.623 177.145 188.06 197.375 203.6 208.212 211.825 212.972 209.814 204.692 199.611 193.967 189.094 186.644 187.18 192.285 201.925 213.7 227.173 241.006 254.227 266.672 276.816 283.707 287.202 289.202 290.427 289.35 286.098 281.323 274.719 265.826 254.353 242.52 230.912 218.777 206.173 192.916 180.997 170.353 160.565 152.43 145.94 142.481 140.427 138.598 136.63 135.928 135.914 136.081 136.559 137.465 139.974 143.528 148.695 155.335 164.196
80.023 84.663 91.655 100.601 110.547 120.804 129.677 136.212 141.361 147.744 156.051 164.492 173.925 184.321 193.118 199.82 204.131 206.36 205.386 200.881 194.967 188.8 182.625 178.567 178.113 181.915 189.15 198.925 210.398 222.704 235.06 246.978 257.947 266.703 271.896 274.643 276.643 278.17 277.787 274.877 269.8 261.944 251.826 240.741 229.908 219.299 207.475 193.92 179.529 166.524 155.349 145.989 138.895 134.869 133.815 133.761 134.234 134.96 136.469 138.163 139.807 141.803 144.397 148.001 152.731 158.421 165.673 173.844
83.19 89.047 97.164 106.853 117.718 128.029 136.389 142.226 146.312 151.091 157.055 164.1 172.961 182.406 189.635 194.739 197.882 197.557 193.796 188.543 182.845 177.539 172.571 169.815 171.311 177.42 186.15 195.321 205.149 216.195 227.893 238.424 247.478 254.671 259.333 262.121 263.945 266.337 266.954 264.354 258.714 249.948 238.304 227.128 217.295 207.385 195.61 181.835 167.222 154.299 143.854 135.71 130.432 128.54 129.487 131.131 133.212 136.158 139.717 143.578 147.614 151.56 156.421 161.628 166.628 172.101 178.709 185.93
87.357 94.299 103.466 113.416 123.335 132.605 140.83 146.97 151.447 154.928 157.374 161.46 169.758 178.681 184.739 187.968 188.467 185.494 180.151 175.368 171.314 167.873 165.121 164.405 166.82 173.37 182.37 190.766 198.595 208.113 218.645 227.915 236.225 242.887 247.675 250.639 253.369 256.284 257.598 255.35 249.448 239.254 226.475 214.773 205.462 196.164 184.087 170.137 156.304 144.246 135.102 129.125 126.324 126.131 128.6 132.158 136.105 140.749 146.132 152.254 158.552 165.755 172.876 179.268 184.745 189.831 195.137 200.88
92.826 100.943 110.029 118.947 127.303 135.826 144.051 150.276 154.888 157.509 157.563 159.027 165.154 173.037 178.27 179.549 177.827 173.323 167.71 163.4 160.869 159.427 159.063 160.572 163.6 169.546 177.289 185.037 192.122 200.203 209.474 218.172 225.919 232.23 237.194 241.752 246.009 249.486 250.936 248.472 241.453 229.344 215.389 203.854 194.804 185.164 173.002 159.304 146.773 136.192 129.04 126.405 126.217 127.636 131.492 137.051 142.997 149.556 156.588 164.583 173.092 182.174 191.043 198.435 204.525 209.223 213.141 216.97
97.52 106.082 114.605 122.916 130.438 138.524 146.271 152.496 157.109 159.861 159.951 160.284 163.973 169.55 173.356 172.81 168.913 163.359 157.571 154.125 152.68 152.761 153.878 155.878 159.343 165.595 172.681 179.816 186.514 193.51 201.73 209.865 217.478 224.005 230.086 236.343 241.735 245.522 246.495 243.643 235.236 221.128 205.948 194.498 184.894 173.862 161.524 148.691 137.548 129.486 125.928 126.604 128.852 132.663 138.083 144.862 152.633 161.669 170.615 180.259 190.039 199.602 208.651 216.439 222.187 226.799 230.412 233.799
101.303 109.438 117.826 126.353 133.916 141.136 148.271 154.496 159.411 163.028 164.032 164.37 166.451 169.59 170.702 167.728 161.48 154.575 149.517 146.769 145.847 147.013 148.878 150.878 154.428 160.816 168.118 175.595 181.906 187.901 195.424 203.424 211.339 218.73 225.897 233.591 240.158 243.996 244.229 239.733 229.763 214.736 198.682 185.673 174.642 162.475 149.912 138.381 129.706 125.676 126.294 130.019 134.528 139.997 147.029 155.412 165.309 175.701 185.868 196.647 207.124 216.737 225.435 232.493 237.326 241.461 245.376 249.542
104.916 112.74 121.303 129.438 137.051 144.051 151.051 157.578 163.357 167.974 169.676 169.762 170.153 170.428 168.54 162.953 154.922 147.219 142.684 140.851 140.491 141.878 144.18 146.96 150.685 156.595 163.681 170.816 177.041 182.816 190.505 198.983 207.285 216.281 225.402 234.182 241.496 245.032 244.013 237.214 224.853 208.434 191.43 176.596 163.475 150.912 139.381 130.017 124.896 125.429 129.794 136.52 143.556 150.588 159.056 168.786 179.174 190.39 201.732 212.43 222.868 232.655 240.488 246.547 250.38 254.204 258.984 264.151
