app/src/main/assets/9.asc
ncols 443
nrows 400
xllcorner 385306.849
yllcorner 3251251.535
cellsize 30
nodata_value  -9999.0
[rows 90 to 119 of 400, columns 272 to 339 of 443]
-9999.0 -9999.0 -9999.0 -9999.0 -9999.0 -9999.0 -9999.0 -9999.0 -9999.0 -9999.0 -9999.0 -9999.0 -9999.0 -9999.0 -9999.0 -9999.0 -9999.0 -9999.0 -9999.0 -9999.0 -9999.0 -9999.0 -9999.0 -9999.0 -9999.0 -9999.0 -9999.0 -9999.0 -9999.0 -9999.0 -9999.0 -9999.0 -9999.0 -9999.0 -9999.0 -9999.0 -9999.0 -9999.0 -9999.0 -9999.0 -9999.0 -9999.0 -9999.0 -9999.0 -9999.0 -9999.0 -9999.0 -9999.0 -9999.0 -9999.0 -9999.0 -9999.0 -9999.0 -9999.0 -9999.0 -9999.0 -9999.0 -9999.0 -9999.0 -9999.0 -9999.0 -9999.0 -9999.0 -9999.0 -9999.0 -9999.0 -9999.0 -9999.0
-9999.0 -9999.0 -9999.0 -9999.0 -9999.0 -9999.0 -9999.0 -9999.0 -9999.0 -9999.0 -9999.0 -9999.0 -9999.0 -9999.0 -9999.0 -9999.0 -9999.0 -9999.0 -9999.0 -9999.0 -9999.0 -9999.0 -9999.0 -9999.0 -9999.0 -9999.0 -9999.0 -9999.0 -9999.0 -9999.0 -9999.0 -9999.0 -9999.0 -9999.0 -9999.0 -9999.0 -9999.0 -9999.0 -9999.0 -9999.0 -9999.0 -9999.0 -9999.0 -9999.0 -9999.0 -9999.0 -9999.0 -9999.0 -9999.0 -9999.0 -9999.0 -9999.0 -9999.0 -9999.0 -9999.0 -9999.0 -9999.0 -9999.0 -9999.0 -9999.0 -9999.0 -9999.0 -9999.0 -9999.0 -9999.0 -9999.0 -9999.0 -9999.0
-9999.0 -9999.0 -9999.0 -9999.0 -9999.0 -9999.0 -9999.0 -9999.0 -9999.0 -9999.0 -9999.0 -9999.0 -9999.0 -9999.0 -9999.0 -9999.0 -9999.0 -9999.0 -9999.0 -9999.0 -9999.0 -9999.0 -9999.0 -9999.0 -9999.0 -9999.0 -9999.0 -9999.0 -9999.0 -9999.0 -9999.0 -9999.0 -9999.0 -9999.0 -9999.0 -9999.0 -9999.0 -9999.0 -9999.0 -9999.0 -9999.0 -9999.0 -9999.0 -9999.0 -9999.0 -9999.0 -9999.0 -9999.0 -9999.0 -9999.0 -9999.0 -9999.0 -9999.0 -9999.0 -9999.0 -9999.0 -9999.0 -9999.0 -9999.0 -9999.0 -9999.0 -9999.0 -9999.0 -9999.0 -9999.0 -9999.0 -9999.0 -9999.0
-9999.0 -9999.0 -9999.0 -9999.0 -9999.0 -9999.0 -9999.0 -9999.0 -9999.0 -9999.0 -9999.0 -9999.0 -9999.0 -9999.0 -9999.0 -9999.0 -9999.0 -9999.0 -9999.0 -9999.0 -9999.0 -9999.0 -9999.0 -9999.0 -9999.0 -9999.0 -9999.0 -9999.0 -9999.0 -9999.0 -9999.0 -9999.0 -9999.0 -9999.0 -9999.0 -9999.0 -9999.0 -9999.0 -9999.0 -9999.0 -9999.0 -9999.0 -9999.0 -9999.0 -9999.0 -9999.0 -9999.0 -9999.0 -9999.0 -9999.0 -9999.0 -9999.0 -9999.0 -9999.0 -9999.0 -9999.0 -9999.0 -9999.0 -9999.0 -9999.0 -9999.0 -9999.0 -9999.0 -9999.0 -9999.0 -9999.0 -9999.0 -9999.0
-9999.0 -9999.0 -9999.0 -9999.0 -9999.0 -9999.0 -9999.0 -9999.0 -9999.0 -9999.0 -9999.0 -9999.0 -9999.0 -9999.0 -9999.0 -9999.0 -9999.0 -9999.0 -9999.0 -9999.0 -9999.0 -9999.0 -9999.0 -9999.0 -9999.0 -9999.0 -9999.0 -9999.0 -9999.0 -9999.0 -9999.0 -9999.0 -9999.0 -9999.0 -9999.0 -9999.0 -9999.0 -9999.0 -9999.0 -9999.0 -9999.0 -9999.0 -9999.0 -9999.0 -9999.0 -9999.0 -9999.0 -9999.0 -9999.0 -9999.0 -9999.0 -9999.0 -9999.0 -9999.0 -9999.0 -9999.0 -9999.0 -9999.0 -9999.0 -9999.0 -9999.0 -9999.0 -9999.0 -9999.0 -9999.0 -9999.0 -9999.0 -9999.0
-9999.0 -9999.0 -9999.0 -9999.0 -9999.0 -9999.0 -9999.0 -9999.0 -9999.0 -9999.0 -9999.0 -9999.0 -9999.0 -9999.0 -9999.0 -9999.0 -9999.0 -9999.0 -9999.0 -9999.0 -9999.0 -9999.0 -9999.0 -9999.0 -9999.0 -9999.0 -9999.0 -9999.0 -9999.0 -9999.0 -9999.0 -9999.0 -9999.0 -9999.0 -9999.0 -9999.0 -9999.0 -9999.0 -9999.0 -9999.0 -9999.0 -9999.0 -9999.0 -9999.0 -9999.0 -9999.0 -9999.0 -9999.0 -9999.0 -9999.0 -9999.0 -9999.0 -9999.0 -9999.0 -9999.0 -9999.0 -9999.0 -9999.0 -9999.0 -9999.0 -9999.0 -9999.0 -9999.0 -9999.0 -9999.0 -9999.0 -9999.0 -9999.0
-9999.0 -9999.0 -9999.0 -9999.0 -9999.0 -9999.0 -9999.0 -9999.0 -9999.0 -9999.0 -9999.0 -9999.0 -9999.0 -9999.0 -9999.0 -9999.0 -9999.0 -9999.0 -9999.0 -9999.0 -9999.0 -9999.0 -9999.0 -9999.0 -9999.0 -9999.0 -9999.0 -9999.0 -9999.0 -9999.0 -9999.0 -9999.0 -9999.0 -9999.0 -9999.0 -9999.0 -9999.0 -9999.0 -9999.0 -9999.0 -9999.0 -9999.0 -9999.0 -9999.0 -9999.0 -9999.0 -9999.0 -9999.0 -9999.0 -9999.0 -9999.0 -9999.0 -9999.0 -9999.0 -9999.0 -9999.0 -9999.0 -9999.0 -9999.0 -9999.0 -9999.0 -9999.0 -9999.0 -9999.0 -9999.0 -9999.0 -9999.0 -9999.0
-9999.0 -9999.0 -9999.0 -9999.0 -9999.0 -9999.0 -9999.0 -9999.0 -9999.0 -9999.0 -9999.0 -9999.0 -9999.0 -9999.0 -9999.0 -9999.0 -9999.0 -9999.0 -9999.0 -9999.0 -9999.0 -9999.0 -9999.0 -9999.0 -9999.0 -9999.0 -9999.0 -9999.0 -9999.0 -9999.0 -9999.0 -9999.0 -9999.0 -9999.0 -9999.0 -9999.0 -9999.0 -9999.0 -9999.0 -9999.0 -9999.0 -9999.0 -9999.0 -9999.0 -9999.0 -9999.0 -9999.0 -9999.0 -9999.0 -9999.0 -9999.0 -9999.0 -9999.0 -9999.0 -9999.0 -9999.0 -9999.0 -9999.0 -9999.0 -9999.0 -9999.0 -9999.0 -9999.0 -9999.0 -9999.0 -9999.0 -9999.0 -9999.0
-9999.0 -9999.0 -9999.0 -9999.0 -9999.0 -9999.0 -9999.0 -9999.0 -9999.0 -9999.0 -9999.0 -9999.0 -9999.0 -9999.0 -9999.0 -9999.0 -9999.0 -9999.0 -9999.0 -9999.0 -9999.0 -9999.0 -9999.0 -9999.0 -9999.0 -9999.0 -9999.0 -9999.0 -9999.0 -9999.0 -9999.0 -9999.0 -9999.0 -9999.0 -9999.0 -9999.0 -9999.0 -9999.0 -9999.0 -9999.0 -9999.0 -9999.0 -9999.0 -9999.0 -9999.0 -9999.0 -9999.0 -9999.0 -9999.0 -9999.0 -9999.0 -9999.0 -9999.0 -9999.0 -9999.0 -9999.0 -9999.0 -9999.0 -9999.0 -9999.0 -9999.0 -9999.0 -9999.0 -9999.0 -9999.0 -9999.0 -9999.0 -9999.0
-9999.0 -9999.0 -9999.0 -9999.0 -9999.0 -9999.0 -9999.0 -9999.0 -9999.0 -9999.0 -9999.0 -9999.0 -9999.0 -9999.0 -9999.0 -9999.0 -9999.0 -9999.0 -9999.0 -9999.0 -9999.0 -9999.0 -9999.0 -9999.0 -9999.0 -9999.0 -9999.0 -9999.0 -9999.0 -9999.0 -9999.0 -9999.0 -9999.0 -9999.0 -9999.0 -9999.0 -9999.0 -9999.0 -9999.0 -9999.0 -9999.0 -9999.0 -9999.0 -9999.0 -9999.0 -9999.0 -9999.0 -9999.0 -9999.0 -9999.0 -9999.0 -9999.0 -9999.0 -9999.0 -9999.0 -9999.0 -9999.0 -9999.0 -9999.0 -9999.0 -9999.0 -9999.0 -9999.0 -9999.0 -9999.0 -9999.0 -9999.0 -9999.0
169.952 185.444 205.868 226.192 242.728 254.601 262.393 267.006 271.393 276.393 281.222 285.479 288.785 290.871 292.767 296.407 301.795 307.966 315.182 324.182 333.421 341.168 348.083 354.172 358.699 361.704 363.181 364.654 368.339 375.416 384.885 395.398 405.84 416.669 428.497 441.326 455.543 470.984 487.029 503.642 518.952 533.862 550.25 565.7 577.925 589.831 602.736 614.871 626.785 638.65 650.867 662.821 674.038 684.303 691.965 698.357 703.749 707.839 711.055 714.01 716.312 720.943 728.844 737.114 745.502 755.277 766.664 779.354
168.479 183.588 202.417 221.989 240.133 254.141 263.762 269.631 274.798 280.88 286.834 292.051 297.222 301.695 306.119 310.849 315.934 321.155 326.848 333.979 341.51 348.168 355.168 361.695 367.389 371.871 373.96 375.348 378.898 386.061 395.836 406.448 416.146 425.452 435.281 445.808 457.547 471.29 486.588 502.596 516.867 531.642 548.029 563.479 576.006 588.646 602.173 614.952 627.43 639.732 652.596 664.821 675.907 686.484 695.051 701.663 707.578 712.582 716.447 720.276 723.92 729.335 737.637 746.416 755.281 765.056 776.444 789.219
165.096 178.173 194.524 212.655 231.232 247.24 259.163 267.424 274.068 281.235 288.24 294.709 302.182 309.218 315.776 322.033 327.51 332.208 337.421 344.069 350.037 355.645 362.47 369.862 376.641 382.258 385.564 388.209 391.632 397.84 407.313 417.448 426.759 434.979 443.587 452.506 461.808 473.461 487.543 502.123 515.344 529.642 546.029 561.781 574.871 587.646 601.56 614.736 627.173 640.34 653.515 665.867 677.519 687.353 696.015 703.104 709.104 714.933 720.19 724.97 729.749 735.474 743.989 754.245 764.025 774.277 785.362 797.056
160.064 171.533 186.051 202.745 220.403 237.759 252.244 262.943 271.979 280.321 287.848 295.704 305.263 314.434 322.993 331.466 338.208 342.344 347.506 353.817 358.65 363.56 370.335 378.25 386.029 393.25 398.596 402.074 405.763 411.574 419.403 427.844 436.114 444.114 452.2 460.637 469.285 478.889 490.804 502.992 514.736 528.119 543.727 559.389 573.696 587.425 601.123 614.173 627.34 640.903 653.65 665.434 676.619 686.708 694.717 701.289 708.068 714.546 720.762 727.019 732.798 739.051 747.601 759.119 770.853 781.416 791.637 801.943
156.235 166.618 180.002 195.912 212.997 230.132 246.101 259.362 270.231 279.623 288.015 296.655 307.561 319.511 330.245 339.723 346.785 350.785 355.947 362.474 366.96 370.479 376.776 385.078 394.16 403.331 411.029 416.678 421.105 425.799 431.93 439.15 446.371 453.894 461.894 469.979 478.416 487.452 496.979 506.555 516.686 528.466 541.817 556.475 571.691 586.646 600.56 614.038 627.123 640.258 652.569 663.402 673.321 682.591 690.73 697.595 704.293 710.73 717.897 725.591 733.15 740.492 749.042 761.119 774.123 785.213 794.911 804.132
154.406 164.394 177.731 193.029 210.331 227.809 244.034 258.475 270.957 281.046 289.961 299.213 310.678 323.768 334.691 343.524 350.713 355.97 361.911 369.001 373.451 376.312 381.997 390.686 400.853 411.245 420.854 429.417 435.763 440.93 446.88 453.705 461.182 468.268 475.488 482.709 490.619 499.015 506.457 513.898 521.812 531.164 542.078 554.732 569.642 585.169 599.646 613.56 626.736 638.956 650.402 659.933 667.987 675.428 683 690.478 697.392 704.861 713.203 721.203 729.505 738.803 749.565 761.903 774.65 786.177 795.965 804.488
153.925 165.119 179.588 195.705 213.093 230.705 246.93 261.543 274.38 284.605 293.605 302.993 313.637 324.826 334.406 342.541 350.068 357.064 364.659 371.884 376.636 380.19 385.916 394.213 404.903 416.597 427.853 438.764 449.021 457.701 465.737 473.467 481.381 488.556 494.475 499.614 505.051 511.24 516.682 522.123 527.952 535.47 544.474 554.601 568.119 582.952 597.087 611.087 624.312 635.708 645.374 653.343 660.478 667.78 675.947 684.037 691.037 698.812 707.726 715.901 723.812 733.587 745.578 759.524 773.394 785.181 794.844 803.104
154.781 168.367 184.399 201.868 220.512 237.998 253.268 267.579 279.637 289.082 297.303 305.911 315.217 324.573 333.019 340.239 347.375 355.366 364.623 372.023 376.685 380.938 386.713 394.875 405.65 418.254 432.03 446.232 460.4 474.211 486.593 496.327 504.503 510.948 515.177 517.754 520.366 523.465 526.906 530.046 533.699 539.78 547.74 556.862 567.988 581.042 593.785 607.006 619.452 629.897 638.343 645.478 652.78 660.645 668.73 676.478 683.78 692.032 701.334 710.339 717.987 726.505 737.888 752.101 767.407 780.803 791.068 798.212
157.201 172.922 190.868 210.504 231.238 249.165 262.957 274.367 284.168 291.834 298.88 307.267 315.965 323.884 331.154 337.55 343.595 351.758 361.672 369.6 374.514 379.379 385.154 393.317 404.092 417.471 434.021 452.44 470.733 487.769 502.778 514.259 522.962 529.489 533.803 535.199 535.641 536.167 536.829 537.708 540.091 545.087 552.082 560.907 570.727 581.128 592.132 603.096 613.762 622.428 630 637.78 645.645 653.645 661.041 667.698 675.086 683.776 693.64 703.469 712.339 720.072 729.501 743.186 758.497 771.857 782.307 788.54
160.453 177.395 196.562 217.202 239.031 258.35 271.673 280.123 286.532 292.023 298.321 306.708 315.019 322.154 328.55 333.518 338.514 345.897 355.42 364.086 370.343 376.122 382.375 390.537 401.916 416.421 434.792 456.693 477.174 495.264 510.714 522.551 532.295 540.943 547.254 550.213 550.388 549.307 547.748 546.577 547.181 551.001 557.776 566.249 574.78 582.393 590.492 599.321 608.289 616.037 623.424 631.726 639.901 647.122 653.87 659.955 667.167 676.118 686.244 697.199 707.028 715.897 724.406 735.316 748.33 760.473 769.667 774.95
164.016 180.701 199.787 219.782 241.003 260.2 273.488 280.721 285.379 290.379 296.541 304.627 312.073 318.293 323.739 327.572 332.172 339.812 348.595 357.082 365.253 372.51 379.979 389.398 400.821 414.642 433.354 455.967 476.804 495.331 511.258 523.096 533.398 544.006 553.182 558.97 561.231 561.1 559.275 557.185 556.744 558.735 564.556 572.037 578.226 583.667 589.496 596.627 604.762 612.375 619.158 625.987 633.559 641.339 648.428 654.428 661.289 670.416 681.231 692.583 703.839 713.844 722.104 729.802 738.897 748.698 756.279 761.77
168.885 183.876 201.016 218.453 236.813 253.664 266.776 274.919 280.564 286.645 293.762 301.158 307.126 312.347 317.397 321.788 326.816 333.987 341.947 350.812 360.028 369.501 379.01 389.263 400.65 413.898 430.624 450.849 472.291 492.16 508.7 520.537 530.623 541.145 552.191 562.06 568.19 570.451 570.235 568.965 568.352 569.6 574.371 580.817 584.744 586.928 590.884 597.055 603.496 609.852 615.685 620.991 627.424 636.028 644.208 649.906 656.807 667.529 680.087 692.732 704.519 714.267 722.19 728.109 734.41 741.901 748.649 754.564
175.191 188.056 202.457 217.245 231.262 244.974 257.384 266.915 274.474 282.118 289.379 295.347 300.482 306.086 312.041 317.257 323.073 329.595 337.37 346.672 356.839 367.619 378.7 390.646 402.686 414.768 429.673 447.538 466.939 486.989 504.141 515.978 525.978 536.668 549.439 562.916 572.794 577.668 579.753 580.487 580.654 581.992 585.763 591.813 595.438 595.744 597.433 600.793 604.28 608.721 613.379 618.681 625.019 633.317 641.464 646.6 654.443 667.944 682.98 696.935 709.074 718.56 725.141 729.672 733.888 739.631 745.162 749.906
183.06 194.191 206.583 218.47 228.83 239.014 249.505 259.469 268.726 276.901 283.951 290.343 296.122 302.375 308.902 314.766 320.766 327.456 335.708 345.398 356.565 368.344 380.511 393.376 405.601 417.678 432.403 448.709 465.926 484.065 499.618 510.978 521.583 533.614 547.556 563.164 575.875 583.186 587.835 590.92 593.042 594.907 598.457 604.457 608.132 607.226 606.352 607.708 609.099 611.667 615.753 620.663 627.051 634.911 643.1 649.357 658.237 673.179 689.872 704.75 716.196 724.866 730.312 733.757 736.753 740.757 744.55 748.636
193.623 202.538 212.2 221.087 228.663 236.794 246.015 255.537 265.15 273.375 280.677 288.068 295.15 302.19 308.325 314.325 320.627 328.182 337.046 346.821 358.209 370.209 382.899 396.376 408.903 421.241 435.236 450.759 467.232 484.065 498.65 510.177 521.128 533.038 546.898 562.421 576.614 586.79 594.051 599.524 604.475 608.209 611.632 616.677 620.352 619.19 617.136 616.577 616.622 618.181 620.924 625.222 631.609 639.687 649.597 659.025 668.953 683.161 699.255 713.187 724.889 733.037 737.181 739.149 741.145 744.28 747.667 751.667
207.186 213.713 220.375 226.262 231.528 238.222 246.267 255.655 265.569 274.271 281.961 290.051 297.438 304.663 310.663 316.965 323.83 331.605 340.605 350.078 360.686 372.209 384.984 398.899 411.686 423.597 437.372 452.457 468.065 484.502 499.43 511.344 522.821 534.294 546.988 561.119 575.696 588.092 597.79 605.826 613.299 619.56 623.902 628.677 632.654 631.667 628.663 627.185 626.658 627.267 628.875 632.258 638.168 646.633 657.8 668.804 680.048 694.336 709.219 722.831 734.669 742.731 746.569 747.879 748.875 751.699 754.96 757.704
221.713 226.934 231.551 235.042 238.735 243.866 251.164 260.551 270.551 279.389 286.862 294.911 302.474 309.222 315.524 322.389 329.691 337.641 345.862 354.47 364.078 374.686 386.682 400.205 413.042 424.515 437.813 452.813 468.2 484.286 499.173 511.65 523.263 534.348 545.956 558.65 572.61 586.831 599.394 610.042 619.601 627.997 633.564 637.735 641.145 641.289 639.018 637.406 636.794 636.879 637.789 640.952 647.029 656.056 667.142 677.889 689.742 704.606 719.521 733.913 746.227 754.29 758.429 760.132 760.303 761.217 762.708 764.316
237.885 241.501 244.294 246.992 249.6 253.596 259.677 268.11 278.11 286.947 294.033 301.556 309.47 316.56 323.25 330.727 337.812 345.033 352.556 360.641 368.947 378.078 389.074 401.682 414.344 425.907 438.29 452.813 467.596 482.642 497.781 510.569 521.402 532.227 543.79 555.096 567.614 582.051 596.66 609.921 620.875 630.619 638.19 642.667 646.497 648.505 647.762 646.929 646.794 647.096 648.348 651.813 658.452 667.615 678.615 689.227 700.561 714.304 728.827 743.44 756.191 765.033 770.037 772.352 771.748 770.577 770.32 770.928
253.718 256.767 259.632 262.245 264.632 267.803 272.322 279.403 288.146 296.204 302.727 310.416 318.592 325.641 332.894 340.506 347.204 353.727 360.51 367.254 374.172 381.691 391.686 403.899 416.988 428.601 440.159 453.592 467.903 481.898 496.344 508.704 519.317 529.79 540.925 551.623 562.704 575.231 588.497 602.461 615.244 626.501 636.249 643.677 649.713 654.326 656.149 656.014 656.316 657.483 659.952 664.457 671.534 681.174 691.268 700.146 710.831 724.521 739.084 752.917 765.277 774.641 780.042 782.014 780.937 778.545 777.455 777.843
269.155 272.934 276.412 279.628 282.668 285.191 289.051 294.745 301.272 307.677 314.065 321.236 328.204 335.029 342.894 350.506 357.723 364.763 370.596 375.902 381.258 387.641 396.637 407.718 419.988 431.601 442.988 455.547 469.119 483.372 497.294 508.74 518.573 528.181 538.704 549.317 559.186 569.149 580.064 591.726 603.821 616.817 629.078 639.163 648.416 656.456 661.848 664.537 665.704 668.173 672.204 677.759 685.701 695.953 704.884 710.934 720.052 734.129 749.219 762.529 773.975 782.948 788.095 789.153 787.816 785.378 783.374 783.586
