app/src/main/assets/9.asc
ncols 443
nrows 400
xllcorner 385306.849
yllcorner 3251251.535
cellsize 30
nodata_value  -9999.0
[rows 210 to 239 of 400, columns 272 to 339 of 443]
133.785 145.65 157.263 167.79 176.104 182.407 188.582 192.856 196.023 199.888 204.663 211.051 218.136 225.961 234.438 242.655 250.609 258.213 266.641 275.164 284.466 294.331 303.641 311.389 318.303 324.177 328.361 331.537 333.455 333.346 330.098 325.287 319.728 313.868 307.832 303.179 300.602 300.423 302.981 306.941 311.162 313.508 314.846 318.446 325.69 335.722 347.191 360.222 373.614 384.627 391.685 395.054 394.418 391.219 386.661 381.931 376.931 371.931 366.845 362.873 360.485 357.098 353.4 351.644 353.923 359.396 366.307 373.703
132.092 144.092 155.704 166.015 174.591 181.933 188.762 194.244 198.109 203.015 208.92 214.528 221.051 228.524 236.961 245.524 253.573 261.524 270.263 279.605 288.993 298.993 308.218 315.528 321.749 327.109 331.109 334.032 334.865 333.233 327.598 320.174 312.615 304.971 298.183 293.521 290.733 290.459 292.067 295.063 299.198 302.639 305.586 310.09 317.64 328.33 340.884 354.749 368.362 379.122 385.18 387.161 384.742 379.885 373.327 367.976 364.233 360.012 355.792 352.129 349.265 346.179 343.346 342.675 345.703 351.09 357.261 363.23
128.708 139.754 151.366 162.195 171.762 179.979 188.235 195.456 201.492 207.609 213.834 219.222 225.307 231.614 238.442 246.1 254.1 262.402 271.655 281.267 290.655 300.353 309.1 316.325 322.023 326.771 330.167 332.049 332.36 329.341 321.922 312.84 303.584 295.408 289.048 285.04 283.157 282.932 284.018 286.013 289.234 292.671 296.838 302.392 310.42 321.195 333.668 346.586 358.64 368.36 373.292 373.535 370.458 364.818 358.422 354.229 352.224 350.26 347.517 344.08 340.301 336.823 335.117 335.797 338.18 343.09 349.09 354.099
125.537 135.708 146.668 157.843 167.807 177.754 187.925 196.794 204.186 211.051 217.276 222.663 228.059 232.802 238.411 245.019 252.541 260.929 270.317 280.231 289.794 298.929 307.541 314.766 320.077 323.91 326.658 327.968 327.414 323.309 315.057 305.669 296.057 287.832 281.909 278.549 277.238 277.189 277.409 278.103 279.846 283.059 288.225 295.082 304.501 315.452 326.456 336.73 346.306 354.198 357.616 356.674 353.034 347.863 343.499 341.999 342.423 342.292 340.684 337.774 333.472 329.382 327.63 328.455 330.793 335.09 341.09 345.626
123.492 132.537 143.01 153.758 164.06 174.925 186.141 196.623 205.015 212.19 218.24 223.198 226.991 231.077 235.685 241.293 248.203 256.591 265.978 275.978 285.893 295.37 303.983 311.208 316.433 320.045 322.356 323.103 322.026 317.224 308.836 299.751 290.616 282.391 276.553 273.328 271.499 270.243 269.463 269.373 270.761 274.225 280.694 289.114 299.366 310.064 319.897 328.126 334.184 338.643 340.751 339.89 337.197 333.755 331.477 331.896 333.675 334.68 333.77 330.692 325.828 321.603 319.765 320.842 323.707 327.87 333.266 336.761
121.541 130.015 139.623 150.06 160.623 171.447 183.01 193.974 203.239 209.987 215.383 219.266 222.351 225.874 229.959 234.568 241.167 250.032 259.42 269.722 280.199 289.812 298.726 306.428 311.653 315.266 317.491 317.801 315.859 311.048 303.616 294.918 286.395 277.868 271.251 266.945 263.688 261.598 260.9 261.153 263.144 267.649 274.424 283.199 293.587 303.897 312.73 319.486 323.153 324.904 325.31 325.139 324.008 322.391 322.288 323.54 325.238 325.684 324.431 321.873 317.828 312.999 310.206 311.369 314.973 319.788 324.234 326.982
119.239 127.15 136.537 146.623 156.758 167.231 178.366 189.064 197.433 202.788 207.536 211.148 213.846 216.757 221.059 226.225 232.951 241.776 251.942 262.807 273.42 282.73 291.253 299.09 304.617 308.707 310.328 309.598 307.738 303.742 297.661 290.003 281.616 272.701 264.782 258.611 253.742 251.342 251.508 253.279 257.176 262.73 270.285 279.235 288.541 297.51 305.041 310.234 312.68 313.125 312.346 311.868 311.395 311.252 313.198 315.54 317.153 317.378 315.688 312.823 309.35 304.828 301.463 301.846 304.842 309.063 312.81 315.121
116.375 123.848 132.456 141.978 151.978 162.064 171.983 181.036 188.144 192.54 195.896 199.031 202.247 205.977 210.667 216.834 224.69 234.42 245.109 256.285 266.118 274.865 282.951 290.311 295.621 299.067 300.04 299.04 297.265 293.792 288.796 282.188 273.975 264.498 255.669 248.102 243.179 240.904 241.721 245.617 251.388 258.897 266.848 275.068 282.987 290.041 295.707 299.288 300.733 300.481 299.481 298.566 298.306 300.027 303.973 308.144 311.013 311.716 309.639 305.557 300.913 296.048 292.598 292.459 293.851 295.814 298.472 300.697
112.42 120.46 128.068 136.978 146.978 156.374 164.428 171.784 177.842 181.288 183.81 186.81 190.198 195.104 201.613 209.082 218.501 229.281 240.231 250.978 259.987 267.343 274.261 280.532 285.455 288.202 289.342 288.517 286.265 282.877 278.102 271.412 263.075 253.637 244.16 236.323 231.787 230.644 232.838 238.307 245.726 254.505 262.983 270.379 276.433 281.486 285.153 287.121 287.868 287.481 286.481 285.481 285.558 288.802 294.446 300.14 304.622 306.54 305.332 300.039 292.701 286.269 282.517 280.909 279.873 280.003 281.612 283.661
108.068 116.118 123.983 132.758 142.154 150.122 156.653 161.792 166.198 169.423 171.81 175.112 179.279 185.221 193.605 203.114 213.366 224.064 233.983 243.338 251.396 257.919 264.834 271.009 275.067 277.202 278.427 277.652 275.265 271.575 266.021 258.768 250.381 240.993 231.381 223.845 220.175 220.419 224.225 231.384 240.591 249.591 257.901 264.347 268.576 271.153 273.121 273.954 274.089 273.702 273.306 273.562 274.504 278.532 284.834 291.311 296.45 299.153 298.215 292.967 284.84 275.84 269.489 266.233 263.841 262.837 263.747 265.445
105.239 112.46 120.285 129.235 137.681 144.212 148.878 152.234 154.851 156.643 159.031 162.419 167.108 174.352 184.384 195.465 206.505 215.734 223.613 231.531 239.018 246.662 254.442 261.144 265.586 268.238 268.986 268.211 265.521 260.665 253.935 246.246 237.079 227.516 218.683 212.314 210.121 211.45 216.694 224.897 234.334 243.812 251.433 256.401 259.157 259.598 259.954 260.089 260.391 261.085 262.117 264.113 266.707 270.87 277.257 283.87 288.793 290.851 289.436 284.575 276.89 266.371 256.971 251.926 249.012 247.612 248.562 249.697
102.852 109.375 116.848 125.068 132.514 137.657 140.324 141.765 143.035 144.121 146.031 149.419 154.496 162.523 173.213 185.077 196.302 204.536 210.969 218.883 226.748 235.05 243.527 250.969 256.838 260.153 260.765 259.688 256.134 250.494 242.89 234.16 224.773 215.462 207.931 202.823 201.59 204.397 210.424 218.812 227.897 236.73 243.703 247.711 248.904 248.125 247.648 247.95 248.815 250.721 254.144 257.788 261.87 266.685 272.293 278.126 281.882 282.463 280.436 275.359 267.935 258.417 248.53 241.999 238.346 237.071 237.896 239.071
100.766 106.852 113.158 119.901 126.045 129.626 131.071 131.292 131.211 131.256 133.333 137.5 142.838 150.221 160.821 173.6 185.302 193.969 201.086 209.69 218.947 227.208 235.167 242.955 248.703 252.455 253.545 252.08 247.828 241.751 233.498 224.196 214.633 205.886 198.963 195.207 195.401 199.343 205.681 213.289 221.51 229.041 234.621 237.68 238.04 237.04 236.729 237.594 239.5 243.397 248.176 253.257 258.902 264.077 268.383 272.437 274.63 273.774 270.656 265.494 258.106 249.246 240.188 233.828 230.292 229.847 230.797 231.545
97.685 102.906 108.126 113.735 118.491 120.761 121.684 120.904 120.342 120.896 123.536 127.923 133.009 139.694 150.244 163.546 176.465 186.861 195.203 204.281 214.37 222.897 230.848 237.906 242.437 245.32 246.545 244.994 240.607 234.444 226.057 216.669 207.057 198.746 192.688 190.018 191.045 195.208 201.595 208.681 215.599 221.266 224.932 226.815 227.04 226.342 226.896 228.977 232.397 237.564 243.645 250.289 256.162 260.131 263.351 265.882 266.463 264.521 260.052 253.935 246.548 238.679 231.575 226.432 224.238 224.793 226.27 226.581
94.298 98.216 101.959 106.266 110.063 112.54 113.68 113.459 113.626 115.18 118.433 122.518 127.343 134.37 144.618 157.831 171.835 183.452 192.844 202.181 211.929 220.844 228.717 234.298 237.743 239.576 240.022 238.296 234.084 227.444 219.359 210.751 201.918 194.17 188.332 185.883 187.045 191.208 197.595 204.293 210.126 214.27 215.936 216.292 216.342 216.206 216.982 219.973 225.005 231.474 239.118 246.595 252.433 255.743 257.662 258.63 258.076 255.134 249.579 242.412 234.85 228.318 223.265 219.986 219.103 219.878 221.189 220.634
90.608 93.266 96.049 98.793 101.928 105.144 107.928 109.185 110.351 112.906 116.469 120.293 125.848 133.488 143.65 155.907 169.002 181.921 192.488 201.573 211.01 220.186 226.942 230.91 233.356 234.491 234.112 231.382 227.219 220.746 213.224 204.836 196.526 189.693 184.635 182.662 183.825 187.987 194.073 199.906 204.739 207.797 208.243 207.463 206.986 206.986 208.365 212.482 217.87 224.947 233.726 241.514 246.874 250.099 251.409 251.545 250.467 246.828 241.053 233.665 225.751 219.048 215.342 214.238 214.405 215.658 216.581 215.026
86.658 88.743 90.878 93.266 96.87 100.91 103.96 106.654 109.298 112.55 116.163 120.542 127.573 135.826 145.384 156.128 168.123 180.569 191.533 201.488 210.573 219.019 224.689 227.825 230.049 230.445 228.639 224.557 219.44 213.053 205.665 197.882 190.611 184.301 180.243 178.883 180.347 184.685 190.51 196.298 200.131 202.491 202.716 201.414 200.324 200.626 202.351 206.262 211.951 219.289 227.208 234.09 239.315 242.54 243.765 243.463 242.125 239.13 234.134 227.224 218.922 211.607 208.157 208.451 210.27 211.658 212.495 210.418
83.739 86.518 88.996 91.685 95.636 99.685 103.163 106.465 109.942 113.329 117.546 123.051 130.74 139.605 148.993 158.776 168.992 179.961 190.483 200.708 209.708 217.933 223.685 226.861 228.004 226.972 223.728 218.084 211.615 204.273 197.49 190.832 184.436 179.166 175.63 175.185 176.91 181.122 186.771 191.653 195.266 197.793 198.193 196.63 195.883 196.27 198.045 201.82 207.595 214.379 220.735 226.266 230.234 232.982 233.904 233.04 231.652 229.179 225.485 220.269 213.138 206.166 202.716 202.964 205.013 206.576 207.238 205.251
83.465 87.546 91.415 94.668 98.668 102.365 105.803 109.365 112.803 116.97 122.136 128.389 135.862 144.384 153.47 162.605 171.474 180.353 189.659 199.231 209.01 217.713 223.55 226.775 227.31 224.54 218.953 211.395 203.363 195.575 190.044 185.215 179.945 175.549 173.054 172.527 173.825 177.383 182.041 186.955 191.045 193.356 193.63 192.495 192.185 193.351 195.906 199.856 204.55 209.906 214.522 218.013 220.544 221.598 221.481 220.481 219.395 218.089 215.656 211.183 205.188 198.828 194.774 193.68 195.202 196.815 197.427 195.792
86.19 91.357 96.361 99.924 103.749 108.141 112.006 115.618 119.006 123.393 128.781 135.168 142.556 150.641 158.862 166.78 174.438 182.222 190.267 199.957 210.132 218.492 224.329 227.252 226.923 222.377 214.48 205.399 196.359 189.301 184.251 179.99 176.549 173.581 171.833 170.919 171 173.433 177.518 182.041 186.266 188.189 188.238 188.018 188.572 190.739 194.293 198.771 202.554 205.694 208.184 209.801 209.99 209.346 208.481 207.481 206.783 205.958 203.62 200.012 195.016 189.269 184.742 182.211 182.643 184.256 185.472 185.783
90.357 95.92 100.97 105.663 110.393 115.308 119.785 123.699 127.262 130.87 135.781 142.168 149.556 157.254 164.776 172.389 179.172 185.83 193.605 203.078 213.128 221.226 225.807 227.865 225.931 219.26 209.489 198.669 189.746 183.386 178.688 175.243 173.324 171.968 170.833 169.833 169.004 169.91 173.433 177.518 181.266 183.405 183.883 184.185 186.041 189.685 193.938 198.55 201.861 203.09 202.45 201.161 199.517 197.436 195.179 193.702 192.787 191.837 189.926 186.539 182.368 177.408 172.62 169.958 169.643 171.86 174.504 176.725
95.222 100.834 106.136 111.614 116.916 122.695 127.785 131.483 134.316 137.226 142.001 148.389 155.776 163.389 170.776 178.389 185.001 191.389 199.164 208.249 217.168 223.672 226.338 226.617 223.035 214.489 202.894 191.971 183.913 178.166 173.855 171.41 170.274 169.576 169.356 168.833 167.833 167.779 169.91 173.433 176.441 178.013 179.405 180.874 183.991 188.595 193.938 198.248 200.694 200.752 197.981 193.945 190.084 185.963 182.571 180.179 178.4 176.922 175.449 172.539 168.237 163.589 159.706 157.697 158.202 160.59 163.892 167.586
100.524 106.614 111.699 116.834 121.92 127.443 132.97 136.757 138.892 141.668 146.443 152.83 160.218 168.132 175.997 183.609 190.524 197.389 205.164 213.56 220.01 223.861 225.306 223.76 218.089 208.372 195.894 185.359 177.999 172.688 168.941 166.716 166.32 166.964 167.441 167.356 166.531 165.527 166.522 168.829 171.013 173.18 175.874 178.906 183.073 188.325 193.938 198.163 200.086 199.144 195.202 188.904 182.305 176.611 171.742 168.35 165.269 162.4 160.233 157.282 153.674 149.539 146.229 145.17 146.423 149.414 154.059 158.234
104.83 111.055 115.753 119.974 124.496 129.582 134.415 137.775 139.775 142.55 147.627 154.794 162.961 171.74 180.218 188.132 195.911 203.389 210.56 216.924 220.725 222.09 220.977 217.607 210.84 200.25 188.719 179.526 172.778 167.251 163.463 162.018 162.572 164.351 165.441 165.139 163.887 162.662 162.833 163.878 166.18 169.347 173.127 177.595 182.938 188.325 193.938 198.163 199.698 197.756 192.814 184.958 176.174 168.917 162.611 157.44 153.4 150.048 146.404 142.926 139.841 136.62 134.175 133.815 135.504 139.144 144.144 148.671
107.447 112.415 116.248 119.771 123.856 128.077 132.212 135.437 137.739 141.595 147.713 155.1 163.79 173.267 182.182 190.961 199.74 207.528 213.145 216.946 218.31 217.414 214.255 208.444 200.854 191.16 181.494 173.611 166.697 160.909 157.851 157.405 158.96 161.739 163.743 163.531 161.364 159.058 158.405 159.356 161.87 166.514 171.595 177.325 182.938 188.325 193.938 198.163 199.612 197.148 191.206 182.566 172.737 163.868 156.174 149.305 143.999 139.656 135.354 131.265 128.567 126.044 124.121 124.373 126.148 129.621 134.144 139.059
107.938 111.946 114.604 117.689 121.212 125.212 128.91 131.96 135.127 140.068 147.235 155.402 164.353 173.79 183.569 193.046 201.744 208.5 212.469 214.31 213.414 210.643 205.661 198.669 189.939 180.854 172.71 166.355 160.134 154.472 151.459 152.315 155.347 158.825 161.351 161.666 159.279 156.364 154.747 155.874 159.379 164.983 171.325 177.627 183.717 189.104 194.415 198.163 199.31 196.283 189.818 180.566 170.566 161.039 152.26 144.255 137.562 131.692 126.828 122.603 119.99 117.905 116.545 116.63 117.928 121.013 124.923 129.621
106.856 110.518 113.383 116.081 118.991 122.689 126.429 130.685 134.852 140.492 147.88 156.267 165.267 174.655 184.655 194.267 201.973 206.689 208.918 208.634 206.165 201.444 194.8 187.462 179.241 171.323 164.44 158.44 152.742 148.211 146.103 147.266 150.955 155.347 158.135 158.108 156.022 153.801 152.743 154.383 158.46 164.713 171.627 178.492 184.717 190.104 195.329 198.338 198.446 194.981 188.256 179.345 169.647 160.21 150.431 141.125 133.17 126.341 120.386 116.161 113.549 111.549 110.022 109.847 111.184 113.405 116.401 120.234
105.771 109.383 112.383 115.298 118.248 121.685 125.938 131.154 136.496 141.969 148.88 157.569 167.046 176.132 185.353 194.186 200.554 203.22 203.499 201.165 196.832 190.412 182.935 176.152 169.106 162.098 156.742 151.219 145.607 141.684 140.626 142.266 145.739 149.572 152.234 153.153 152.41 151.491 151.91 154.465 159.104 165.794 172.969 179.794 186.496 191.582 196.329 198.865 197.923 193.896 186.818 177.868 168.733 159.647 150.125 140.21 130.904 122.647 115.945 111.418 108.328 106.63 105.495 104.968 105.274 106.32 108.793 111.928
105.55 109.767 113.721 116.721 120.023 123.888 127.974 132.884 139.1 145.745 152.695 160.389 169.046 178.046 186.442 193.496 198.302 199.143 197.247 193.39 187.359 180.106 172.494 165.881 159.71 154.13 149.607 144.521 139.688 136.328 135.491 136.964 139.572 142.707 145.32 147.149 148.32 149.266 151.298 155.154 161.488 168.916 175.965 182.916 189.578 195.055 199.063 200.257 198.617 194.152 186.512 177.512 168.814 159.99 150.125 139.823 129.431 120.341 113.202 108.414 105.364 102.972 101.495 100.581 100.103 100.576 101.882 103.928
107.888 112.578 117.582 121.361 125.226 128.924 132.145 136.443 142.83 149.83 156.528 163.136 171.046 179.744 187.19 193.023 196.392 195.585 191.814 186.219 179.53 171.967 164.53 157.138 151.265 146.994 142.909 138.688 134.855 131.806 130.189 130.797 132.405 135.23 138.622 141.099 143.617 147.645 152.848 158.443 165.218 173.132 180.911 188.087 194.524 200.312 203.37 203.73 201.351 195.544 187.292 178.292 169.377 160.427 150.602 140.039 129.904 120.377 112.373 106.756 103.279 100.666 98.752 97.274 96.36 95.968 96.189 96.882
